[38;2;28;16;10m.[38;2;15;17;22m.[38;2;40;18;6m.[38;2;39;16;5m.[38;2;13;17;23m.[38;2;31;15;8m.[38;2;13;17;23m...[38;2;14;17;23m.[38;2;13;17;23m..[38;2;31;15;8m.[38;2;13;17;23m.....[38;2;31;15;8m.[38;2;13;17;23m....[38;2;15;17;22m.[38;2;14;17;23m.[38;2;13;17;23m........[38;2;28;16;11m.[38;2;37;16;4m.[38;2;46;29;23m.[38;2;109;92;83m-[38;2;88;73;65m=[38;2;105;88;80m=[38;2;114;98;90m=[38;2;119;101;91m=[38;2;116;98;86m=[38;2;119;101;92m=[38;2;119;101;91m=[38;2;112;95;84m=[38;2;98;84;78m=[38;2;77;66;68m-[38;2;69;60;66m-[38;2;70;59;65m:[38;2;60;53;60m:[38;2;59;52;61m:[38;2;56;50;59m:[38;2;60;52;60m:[38;2;61;54;63m:[38;2;59;52;61m:[38;2;49;42;50m:[38;2;58;52;62m:[38;2;56;50;58m:[38;2;60;52;59m:[38;2;63;54;61m:[38;2;62;53;59m:[38;2;61;53;58m:[38;2;61;52;57m:[38;2;60;51;55m:[38;2;59;52;57m:[38;2;55;50;55m:[38;2;45;39;48m:[38;2;22;19;31m.[38;2;20;18;30m.[38;2;13;17;23m.[38;2;16;15;25m.[38;2;18;17;28m.[38;2;19;17;31m.[38;2;18;16;29m.[38;2;20;17;32m.[38;2;24;22;42m.[38;2;49;48;76m.[38;2;44;47;76m:[38;2;43;46;75m:[38;2;41;44;74m:[38;2;43;47;79m:[38;2;42;46;75m:[38;2;44;46;73m:[38;2;42;46;67m:[38;2;45;47;72m:[38;2;50;48;66m:[38;2;68;65;75m:[38;2;83;77;84m=[38;2;24;20;31m:[38;2;25;22;38m.[38;2;30;27;45m.[38;2;26;23;43m.[38;2;23;20;38m.[38;2;22;19;38m.[38;2;18;16;29m.[38;2;13;17;23m.[0m
[38;2;37;16;4m.[38;2;38;15;4m.[38;2;41;18;6m.[38;2;13;17;23m..[38;2;40;17;6m..[38;2;37;15;2m.[38;2;18;17;19m.[38;2;41;17;5m.[38;2;13;17;23m..[38;2;27;16;11m.[38;2;38;16;4m.[38;2;37;16;3m.[38;2;40;18;6m.[38;2;38;16;5m..[38;2;28;16;11m.[38;2;13;17;23m.[38;2;40;17;5m.[38;2;38;16;4m.[38;2;29;16;10m.[38;2;15;17;22m.[38;2;38;16;3m..[38;2;20;17;19m.[38;2;39;18;7m.[38;2;38;17;6m.[38;2;39;17;4m.[38;2;29;16;10m.[38;2;38;16;4m.[38;2;37;16;5m.[38;2;78;63;56m:[38;2;108;93;86m=[38;2;108;90;82m=[38;2;116;98;87m=[38;2;123;105;94m=[38;2;122;104;95m=[38;2;117;98;90m=[38;2;117;99;89m=[38;2;102;85;78m=[38;2;86;71;68m-[38;2;88;74;70m-[38;2;92;77;72m-[38;2;95;80;75m-[38;2;94;79;74m-[38;2;100;85;79m-[38;2;109;92;85m=[38;2;113;95;86m=[38;2;113;96;84m=[38;2;113;96;87m=[38;2;110;90;81m=[38;2;108;89;82m=[38;2;97;81;76m-[38;2;92;80;76m-[38;2;77;65;66m-[38;2;70;59;60m-[38;2;67;56;58m:[38;2;62;53;55m:[38;2;59;51;58m:[38;2;47;39;48m:[38;2;49;42;50m:[38;2;54;47;55m:[38;2;53;47;56m:[38;2;48;43;53m:[38;2;38;32;45m:[38;2;33;29;39m.[38;2;18;14;27m.[38;2;19;17;30m.[38;2;17;15;26m.[38;2;18;16;28m.[38;2;20;17;30m.[38;2;18;16;29m.[38;2;17;15;29m.[38;2;25;21;37m.[38;2;38;37;61m.[38;2;42;45;74m:[38;2;41;47;76m:[38;2;41;44;73m:[38;2;48;56;82m:[38;2;47;50;75m:[38;2;44;46;76m:[38;2;35;38;64m:[38;2;40;43;72m:[38;2;41;44;72m:[38;2;41;44;71m:[38;2;43;43;65m:[38;2;67;64;75m:[38;2;66;60;67m-[38;2;24;18;32m:[38;2;28;24;41m.[38;2;22;20;36m.[38;2;16;14;26m.[38;2;16;14;24m.[38;2;13;17;23m.[0m
[38;2;43;18;5m.[38;2;43;19;8m.[38;2;39;17;5m.[38;2;40;17;5m.[38;2;41;17;4m.[38;2;42;19;6m..[38;2;39;16;4m.[38;2;40;17;5m.[38;2;41;17;5m.[38;2;39;15;3m.[38;2;40;16;4m.[38;2;41;18;5m.[38;2;42;17;5m.[38;2;42;18;6m.[38;2;39;15;3m.[38;2;42;19;7m.[38;2;39;16;4m.[38;2;41;18;5m.[38;2;42;18;5m.[38;2;41;18;5m.[38;2;40;17;5m.[38;2;41;17;5m.[38;2;38;15;3m.[38;2;39;16;4m.[38;2;41;18;5m..[38;2;41;19;6m.[38;2;40;16;5m.[38;2;39;17;6m.[38;2;77;58;49m.[38;2;91;75;67m:[38;2;128;112;100m=[38;2;126;110;97m=[38;2;129;109;98m=[38;2;127;107;94m=[38;2;125;108;95m+[38;2;125;107;93m=[38;2;114;94;84m=[38;2;96;79;71m=[38;2;102;84;75m-[38;2;106;88;78m=[38;2;110;93;83m=[38;2;115;97;88m=[38;2;122;102;94m=[38;2;124;105;96m=[38;2;122;104;93m=[38;2;116;98;88m==[38;2;117;98;89m=[38;2;122;103;94m=[38;2;121;103;92m=[38;2;108;90;81m=[38;2;94;80;76m=[38;2;104;90;86m-[38;2;104;90;87m=[38;2;110;93;84m=[38;2;109;94;88m=[38;2;106;90;82m=[38;2;110;93;83m=[38;2;107;91;83m=[38;2;96;82;79m=[38;2;81;69;69m-[38;2;68;58;60m:[38;2;60;52;57m:[38;2;55;48;55m:[38;2;58;51;58m:[38;2;31;25;37m.[38;2;21;18;35m.[38;2;21;18;32m.[38;2;18;15;29m.[38;2;16;14;27m.[38;2;18;15;28m.[38;2;19;17;29m.[38;2;19;17;30m.[38;2;19;16;29m.[38;2;21;18;34m.[38;2;37;36;59m.[38;2;41;42;66m:[38;2;47;50;71m:[38;2;50;54;81m:[38;2;39;42;70m:[38;2;44;48;76m:[38;2;37;40;66m:[38;2;42;45;74m:[38;2;40;43;70m:[38;2;35;36;64m:[38;2;36;35;62m:[38;2;43;43;71m:[38;2;49;45;65m:[38;2;66;62;71m-[38;2;35;29;40m:[38;2;19;17;29m.[38;2;22;20;37m.[38;2;26;24;43m.[38;2;13;17;23m.[0m
[38;2;45;19;4m.[38;2;45;19;5m.[38;2;44;18;5m.[38;2;47;19;5m.[38;2;43;17;4m.[38;2;43;20;7m..[38;2;40;18;5m.[38;2;39;16;4m.[38;2;41;17;5m..[38;2;42;18;6m.[38;2;39;16;4m.[38;2;42;19;7m.[38;2;42;18;6m.[38;2;42;17;5m.[38;2;42;17;4m.[38;2;42;17;3m.[38;2;46;19;5m..[38;2;46;19;6m.[38;2;43;17;5m.[38;2;41;17;4m.[38;2;41;17;5m.[38;2;40;16;4m.[38;2;40;18;5m..[38;2;42;19;7m.[38;2;97;78;67m.[38;2;106;86;74m-[38;2;132;112;98m=[38;2;145;127;111m+[38;2;139;119;104m+[38;2;136;117;102m+[38;2;134;116;103m+[38;2;127;108;94m+[38;2;119;99;88m+[38;2;94;76;68m=[38;2;112;93;83m-[38;2;113;95;84m=[38;2;114;97;86m=[38;2;128;109;97m=[38;2;122;104;92m+[38;2;114;98;88m+[38;2;116;98;89m+[38;2;119;100;90m=[38;2;121;104;93m=[38;2;132;113;101m=[38;2;124;107;96m=[38;2;122;104;94m=[38;2;122;105;94m=[38;2;116;98;89m=[38;2;121;102;94m=[38;2;101;90;88m=[38;2;97;86;86m-[38;2;123;104;96m=[38;2;113;94;85m=[38;2;91;78;73m=[38;2;99;84;78m-[38;2;112;97;88m=[38;2;116;99;90m=[38;2;112;96;88m=[38;2;102;88;82m=[38;2;87;77;75m-[38;2;83;72;71m-[38;2;81;69;68m-[38;2;78;67;68m-[38;2;65;57;63m:[38;2;24;20;30m.[38;2;21;18;32m.[38;2;21;19;33m.[38;2;21;19;32m..[38;2;18;16;29m.[38;2;20;17;32m.[38;2;21;19;33m..[38;2;21;19;34m.[38;2;52;49;61m.[38;2;59;54;67m:[38;2;50;51;73m:[38;2;45;45;73m:[38;2;39;42;69m:[38;2;37;40;64m:[38;2;41;44;72m:[38;2;41;45;72m:[38;2;36;36;64m:[38;2;31;30;52m.[38;2;30;27;51m.[38;2;29;25;48m.[38;2;29;26;46m.[38;2;29;27;51m..[38;2;28;25;52m.[38;2;29;28;53m.[38;2;13;17;23m.[0m
[38;2;13;17;23m..........................[38;2;103;84;74m.[38;2;110;92;80m-[38;2;123;106;94m=[38;2;138;120;106m+[38;2;150;131;115m+[38;2;154;133;115m+[38;2;156;134;115m+[38;2;148;126;109m+[38;2;134;114;98m+[38;2;97;78;68m=[38;2;125;106;95m=[38;2;125;106;94m=[38;2;124;105;91m=[38;2;130;111;97m=[38;2;133;114;100m+[38;2;135;115;101m+[38;2;123;107;94m+[38;2;124;107;96m+[38;2;128;109;98m=[38;2;132;114;99m+[38;2;135;116;100m+[38;2;137;118;101m+[38;2;132;113;98m+[38;2;129;111;97m+[38;2;116;98;88m=[38;2;130;111;99m+[38;2;108;93;84m=[38;2;98;89;87m-[38;2;119;104;97m=[38;2;133;114;102m=[38;2;121;102;92m=[38;2;101;87;81m=[38;2;108;90;84m-[38;2;118;100;92m=[38;2;121;102;91m=[38;2;120;102;92m=[38;2;115;97;89m=[38;2;104;88;81m=[38;2;90;76;73m-[38;2;86;72;71m-[38;2;83;69;68m-[38;2;84;70;70m-[38;2;46;39;48m.[38;2;13;17;23m...........[38;2;80;76;80m:[38;2;67;63;73m-[38;2;47;49;71m:[38;2;34;37;59m:[38;2;40;43;69m:[38;2;43;46;71m:[38;2;38;39;66m:[38;2;13;17;23m...[38;2;37;37;65m.[38;2;13;17;23m.[38;2;37;37;64m.[38;2;13;17;23m...[0m
[38;2;45;19;4m...[38;2;46;18;4m.[38;2;44;18;3m.[38;2;46;20;6m..[38;2;45;20;4m.[38;2;46;18;4m..[38;2;45;19;4m..[38;2;46;19;4m.[38;2;46;18;4m..[38;2;46;20;5m.[38;2;45;19;4m..[38;2;46;18;4m....[38;2;45;19;4m..[38;2;110;92;80m.[38;2;122;105;93m-[38;2;133;116;103m+[38;2;136;116;100m=[38;2;150;130;113m+[38;2;149;127;109m+[38;2;160;134;114m+[38;2;160;134;113m+[38;2;158;133;114m+[38;2;134;114;98m+[38;2;123;103;91m=[38;2;133;114;100m=[38;2;134;113;99m+[38;2;152;130;110m+[38;2;152;129;111m+[38;2;148;127;109m+[38;2;139;120;105m+[38;2;127;110;97m+[38;2;130;112;100m+[38;2;134;115;102m=[38;2;137;118;103m+[38;2;143;123;108m+[38;2;141;121;105m+[38;2;140;119;102m+[38;2;134;113;97m+[38;2;125;107;91m=[38;2;134;114;97m=[38;2;132;112;98m+[38;2;112;101;98m=[38;2;100;98;96m=[38;2;127;111;102m=[38;2;127;109;98m+[38;2;129;108;97m+[38;2;104;86;83m=[38;2;112;94;89m=[38;2;136;117;105m=[38;2;130;109;97m+[38;2;126;106;94m=[38;2;124;104;92m=[38;2;114;96;85m=[38;2;103;88;81m=[38;2;100;86;83m=[38;2;94;82;81m-[38;2;93;82;82m-[38;2;76;67;70m-[38;2;22;18;35m.[38;2;31;29;49m.[38;2;25;22;41m.[38;2;22;19;34m.[38;2;25;22;38m.[38;2;21;19;34m.[38;2;20;19;34m.[38;2;29;25;47m.[38;2;26;22;42m.[38;2;24;21;36m.[38;2;31;28;39m.[38;2;13;17;23m.[38;2;69;64;72m.[38;2;79;75;83m-[38;2;82;78;88m:[38;2;42;45;74m:[38;2;46;49;76m:[38;2;41;41;70m:[38;2;31;30;58m.[38;2;31;29;51m.[38;2;36;35;62m.[38;2;39;38;68m:[38;2;35;36;66m:[38;2;39;39;68m.[38;2;31;29;59m.[38;2;31;27;53m.[38;2;13;17;23m.[0m
[38;2;46;18;4m....[38;2;45;19;4m.[38;2;45;19;5m..[38;2;45;19;4m.[38;2;46;19;4m.[38;2;46;20;6m.[38;2;45;19;6m.[38;2;45;19;4m.[38;2;46;19;4m..[38;2;46;18;4m....[38;2;45;19;4m.[38;2;44;18;3m..[38;2;46;19;4m.[38;2;129;112;102m.[38;2;157;138;122m-[38;2;144;125;109m*[38;2;110;92;78m+[38;2;138;120;103m+[38;2;159;138;117m*[38;2;141;121;105m+[38;2;153;130;111m+[38;2;144;123;105m+[38;2;149;127;108m+[38;2;128;107;95m+[38;2;125;107;92m=[38;2;127;109;97m+[38;2;128;111;97m=[38;2;153;133;115m+[38;2;143;121;103m+[38;2;144;122;104m+[38;2;137;117;101m+[38;2;117;99;87m+[38;2;135;115;102m=[38;2;119;105;93m+[38;2;85;77;70m+[38;2;80;72;66m+[38;2;134;115;100m+[38;2;130;111;94m+[38;2;133;113;97m+[38;2;127;109;96m+[38;2;120;103;90m+[38;2;120;103;91m+[38;2;117;100;89m+[38;2;119;107;100m=[38;2;121;111;103m=[38;2;118;103;95m=[38;2;123;105;93m+[38;2;121;104;91m+[38;2;114;94;82m+[38;2;116;99;92m=[38;2;126;109;98m=[38;2;122;103;89m+[38;2;125;105;90m=[38;2;122;102;89m=[38;2;117;98;87m=[38;2;114;97;88m=[38;2;99;87;82m=[38;2;34;34;37m-[38;2;33;33;37m-[38;2;34;34;38m-[38;2;49;42;52m-[38;2;26;23;42m.[38;2;25;21;42m.[38;2;24;21;39m.[38;2;24;21;38m.[38;2;25;23;38m.[38;2;23;20;37m.[38;2;29;25;47m.[38;2;28;27;50m.[38;2;31;29;51m.[38;2;25;22;38m.[38;2;25;21;34m.[38;2;13;17;23m..[38;2;39;36;50m:[38;2;38;36;50m-[38;2;43;39;54m:[38;2;33;32;63m.[38;2;30;28;53m.[38;2;31;27;51m.[38;2;37;38;66m:[38;2;36;36;65m:[38;2;36;37;67m.[38;2;31;32;60m:[38;2;29;28;57m.[38;2;29;25;50m.[38;2;13;17;23m.[0m
[38;2;44;19;4m.[38;2;45;18;3m.[38;2;46;18;4m...[38;2;46;19;4m....[38;2;46;20;5m.[38;2;45;19;4m.[38;2;46;18;4m..[38;2;46;19;4m.[38;2;45;19;4m..[38;2;46;18;4m.[38;2;47;21;6m.[38;2;45;18;3m.[38;2;58;40;29m.[38;2;126;112;104m.[38;2;110;93;82m=[38;2;123;107;99m+[38;2;143;126;113m+[38;2;130;112;99m=[38;2;113;95;82m+[38;2;141;122;106m+[38;2;153;132;112m+[38;2;144;123;106m+[38;2;148;126;108m+[38;2;151;128;110m+[38;2;137;117;100m+[38;2;106;90;82m=[38;2;124;107;95m+[38;2;146;127;114m+[38;2;148;128;110m*[38;2;155;135;115m*[38;2;157;133;113m*[38;2;154;132;112m+[38;2;130;110;95m+[38;2;116;99;88m=[38;2;148;126;111m+[38;2;135;117;100m+[38;2;82;73;66m+[38;2;61;56;53m+[38;2;162;137;116m+[38;2;147;125;106m+[38;2;146;124;106m+[38;2;135;116;101m+[38;2;132;113;98m+[38;2;127;109;96m+[38;2;125;107;94m+[38;2;115;103;95m+[38;2;104;96;90m=[38;2;126;112;101m=[38;2;128;111;97m+[38;2;128;110;96m+[38;2;112;95;84m+[38;2;100;87;81m=[38;2;126;109;97m=[38;2;121;102;89m+[38;2;121;101;88m+[38;2;124;104;90m+[38;2;107;90;79m=[38;2;102;87;79m=[38;2;101;88;83m=[38;2;81;70;68m-[38;2;13;17;23m--[38;2;57;49;58m-[38;2;25;23;39m:[38;2;29;27;48m.[38;2;27;25;46m.[38;2;34;31;55m.[38;2;34;30;56m.[38;2;28;24;48m.[38;2;30;26;50m.[38;2;27;24;50m.[38;2;27;25;47m.[38;2;20;17;36m.[38;2;22;20;35m.[38;2;19;17;28m.[38;2;29;24;33m.[38;2;18;19;26m.[38;2;45;39;48m.[38;2;50;43;52m:[38;2;39;33;45m:[38;2;25;22;40m.[38;2;33;31;57m.[38;2;38;39;67m:[38;2;36;37;66m:[38;2;35;36;66m:[38;2;35;35;65m:[38;2;28;27;54m.[38;2;27;25;48m.[38;2;13;17;23m.[0m
[38;2;48;22;8m.[38;2;49;21;8m.[38;2;47;19;4m.[38;2;47;19;5m.[38;2;48;20;6m.[38;2;47;20;5m..[38;2;47;19;5m..[38;2;47;20;5m.[38;2;47;19;5m.[38;2;45;19;4m.[38;2;47;20;5m.[38;2;46;18;4m..[38;2;45;19;4m..[38;2;46;18;4m.[38;2;99;83;74m-[38;2;61;41;30m+[38;2;134;119;109m+[38;2;128;113;102m+[38;2;113;97;90m=[38;2;113;96;87m+[38;2;119;101;90m+[38;2;135;116;103m*[38;2;143;123;108m+[38;2;146;124;106m+[38;2;148;125;108m*[38;2;147;124;105m*[38;2;157;132;114m+[38;2;113;93;81m=[38;2;120;102;92m=[38;2;145;127;114m+[38;2;160;141;126m*[38;2;167;144;123m*[38;2;171;148;123m*[38;2;170;144;122m*[38;2;158;136;117m+[38;2;121;102;90m=[38;2;136;119;105m+[38;2;159;136;117m*[38;2;148;126;107m*[38;2;133;113;96m+[38;2;132;112;96m+[38;2;149;127;107m+[38;2;149;128;109m+[38;2;150;129;110m+[38;2;140;119;101m+[38;2;140;119;103m+[38;2;134;114;99m+[38;2;134;115;100m+[38;2;129;112;100m+[38;2;109;99;93m+[38;2;126;113;102m=[38;2;128;113;99m+[38;2;132;113;98m+[38;2;126;109;96m+[38;2;108;92;83m+[38;2;128;109;96m=[38;2;132;111;97m=[38;2;134;112;96m+[38;2;129;108;92m+[38;2;116;95;82m+[38;2;116;96;85m=[38;2;118;101;93m=[38;2;100;85;81m=[38;2;89;76;75m-[38;2;87;75;74m-[38;2;83;75;75m-[38;2;35;28;38m-[38;2;27;24;40m.[38;2;27;25;44m.[38;2;27;25;48m.[38;2;30;26;50m.[38;2;31;27;52m..[38;2;26;23;41m.[38;2;30;28;48m.[38;2;24;22;38m.[38;2;21;19;32m.[38;2;15;14;25m.[38;2;22;18;29m.[38;2;15;17;25m.[38;2;43;37;45m.[38;2;48;40;48m.[38;2;52;43;51m:[38;2;25;23;39m.[38;2;36;36;63m-[38;2;40;41;70m:[38;2;35;37;67m:[38;2;35;38;68m.[38;2;35;34;66m.[38;2;29;28;55m.[38;2;27;25;47m.[38;2;13;17;23m.[0m
[38;2;50;22;8m.[38;2;48;20;6m.[38;2;48;21;5m.[38;2;49;21;8m.[38;2;48;20;7m.[38;2;47;21;9m.[38;2;50;21;8m.[38;2;49;21;8m.[38;2;49;21;7m.[38;2;48;20;6m.[38;2;50;21;4m.[38;2;48;21;6m.[38;2;49;20;5m..[38;2;49;20;6m:[38;2;50;25;11m+[38;2;91;73;62m+[38;2;120;106;95m+[38;2;127;113;103m+[38;2;116;104;96m=[38;2;116;102;95m=[38;2;110;95;87m=[38;2;129;110;99m+[38;2;139;119;104m+[38;2;142;123;107m+[38;2;148;128;110m+[38;2;148;126;107m*[38;2;156;133;112m*[38;2;163;137;116m+[38;2;138;115;96m=[38;2;116;97;87m=[38;2;120;102;92m+[38;2;147;130;118m*[38;2;166;145;125m*[38;2;153;130;111m*[38;2;162;137;115m*[38;2;175;150;124m*[38;2;157;133;111m*[38;2;125;106;93m=[38;2;129;112;98m+[38;2;169;149;129m+[38;2;170;146;123m*[38;2;150;127;107m*[38;2;139;117;99m+[38;2;142;120;102m*[38;2;150;128;109m+[38;2;149;127;108m+[38;2;158;134;114m*[38;2;151;127;108m+[38;2;145;123;104m+[38;2;147;125;107m+[38;2;146;123;104m+[38;2;135;117;102m+[38;2;129;116;106m+[38;2;128;115;105m+[38;2;133;115;102m+[38;2;137;117;101m+[38;2;131;113;97m+[38;2;124;105;92m+[38;2;117;100;90m+[38;2;134;114;100m=[38;2;136;117;102m+[38;2;132;113;98m+[38;2;123;105;92m+[38;2;115;97;85m+[38;2;114;96;85m=[38;2;114;97;87m=[38;2;98;84;78m=[38;2;93;79;76m-[38;2;88;76;75m-[38;2;82;73;77m-[38;2;40;35;45m-[38;2;23;20;38m.[38;2;27;26;46m.[38;2;31;29;55m.[38;2;36;35;59m.[38;2;32;30;56m.[38;2;27;26;49m.[38;2;25;22;38m.[38;2;19;16;31m.[38;2;16;14;26m.[38;2;19;17;30m.[38;2;18;16;29m.[38;2;14;17;25m.[38;2;16;14;25m.[38;2;16;17;24m.[38;2;21;17;26m.[38;2;37;32;42m.[38;2;49;45;53m.[38;2;64;59;66m.[38;2;71;67;76m.[38;2;39;36;58m:[38;2;27;26;48m.[38;2;29;26;49m.[38;2;27;24;45m.[38;2;13;17;23m.[0m
[38;2;60;28;12m.[38;2;55;24;9m.[38;2;54;22;8m.[38;2;53;23;10m.[38;2;51;21;8m.[38;2;47;22;9m.[38;2;51;22;8m..[38;2;51;21;8m.[38;2;98;76;63m.[38;2;119;97;84m=[38;2;131;111;97m+[38;2;137;119;106m+[38;2;156;139;127m+[38;2;141;125;115m+[38;2;135;115;103m+[38;2;129;112;99m+[38;2;126;109;101m+[38;2;123;110;102m+[38;2;117;104;94m=[38;2;118;101;92m=[38;2;139;120;106m+[38;2;137;120;104m+[38;2;145;125;107m+[38;2;157;133;113m*[38;2;161;135;114m*[38;2;162;136;115m*[38;2;159;135;116m+[38;2;126;106;91m=[38;2;127;108;94m=[38;2;119;102;88m+[38;2;158;139;121m*[38;2;165;141;122m*[38;2;165;139;115m*[38;2;169;141;117m*[38;2;168;143;118m*[38;2;166;140;115m*[38;2;161;135;118m+[38;2;125;106;93m+[38;2;161;142;127m+[38;2;178;156;132m*[38;2;184;159;132m*[38;2;176;151;125m*[38;2;164;140;116m*[38;2;155;132;110m*[38;2;150;127;107m+[38;2;152;130;111m+[38;2;160;134;112m*[38;2;153;128;109m+[38;2;153;129;109m+[38;2;147;126;108m+[38;2;148;125;105m+[38;2;148;128;111m+[38;2;133;118;105m+[38;2;133;121;109m+[38;2;129;114;104m+[38;2;145;124;107m+[38;2;137;116;99m+[38;2;140;119;101m+[38;2;139;118;101m+[38;2;131;111;97m+[38;2;140;120;104m+[38;2;134;115;100m+[38;2;124;107;94m+[38;2;123;106;92m+[38;2;123;104;90m+=[38;2;124;106;96m=[38;2;112;95;89m+[38;2;92;78;73m=[38;2;86;74;74m-[38;2;74;68;69m-[38;2;31;25;37m-[38;2;27;25;44m.[38;2;30;26;47m.[38;2;25;21;43m.[38;2;32;28;50m.[38;2;22;21;37m.[38;2;22;19;34m.[38;2;19;17;31m.[38;2;17;15;26m.[38;2;18;16;30m.[38;2;20;18;31m.[38;2;18;16;29m..[38;2;17;15;25m.[38;2;13;17;23m.[38;2;18;14;23m.[38;2;41;37;51m.[38;2;29;26;42m.[38;2;22;19;33m.[38;2;27;24;48m.[38;2;30;27;52m.[38;2;27;25;47m.[38;2;48;41;49m.[38;2;13;17;23m:[0m
[38;2;67;33;12m.[38;2;67;29;9m.[38;2;66;29;9m.[38;2;63;28;12m.[38;2;58;24;7m.[38;2;54;25;13m.[38;2;52;25;14m.[38;2;56;26;11m.[38;2;62;28;12m.[38;2;62;26;10m.[38;2;60;33;20m.[38;2;75;58;48m.[38;2;119;106;96m=[38;2;125;112;102m=[38;2;124;113;103m+[38;2;127;117;107m+[38;2;128;117;106m+[38;2;133;119;106m+[38;2;105;93;86m=[38;2;127;112;101m+[38;2;142;123;109m+[38;2;151;128;110m*[38;2;165;141;121m*[38;2;169;144;122m*[38;2;167;142;120m*[38;2;156;133;114m+[38;2;136;116;100m=[38;2;120;101;89m+[38;2;126;108;95m=[38;2;141;121;106m*[38;2;168;145;124m*[38;2;170;145;122m*[38;2;174;147;125m*[38;2;170;144;121m*[38;2;172;146;123m*[38;2;173;144;121m*[38;2;143;121;103m+[38;2;89;74;65m=[38;2;140;127;115m+[38;2;175;154;131m*[38;2;159;136;113m*[38;2;161;135;112m+[38;2;174;149;123m*[38;2;166;142;118m*[38;2;153;130;109m+[38;2;141;122;104m+[38;2;163;141;120m*[38;2;181;156;131m#[38;2;171;146;122m*[38;2;165;139;117m*[38;2;149;125;104m+[38;2;162;135;113m*[38;2;165;139;117m*[38;2;148;128;111m+[38;2;135;125;113m+[38;2;129;121;110m+[38;2;140;125;112m+[38;2;146;124;106m+[38;2;146;125;104m+[38;2;155;130;109m+[38;2;150;125;106m+[38;2;147;125;107m+[38;2;140;120;104m+[38;2;129;112;99m+[38;2;126;110;97m+[38;2;128;111;97m+[38;2;125;106;93m+[38;2;114;97;84m=[38;2;114;98;87m=[38;2;108;92;85m=[38;2;93;79;75m=[38;2;91;78;77m-[38;2;85;75;76m-[38;2;33;26;35m:[38;2;33;28;42m.[38;2;32;27;43m.[38;2;34;30;45m.[38;2;23;20;34m.[38;2;21;18;33m.[38;2;19;17;31m.[38;2;20;18;32m.[38;2;19;16;31m..[38;2;19;17;31m.[38;2;21;18;30m..[38;2;23;20;33m.[38;2;23;21;34m.[38;2;20;18;31m.[38;2;16;14;27m.[38;2;24;22;38m.[38;2;26;23;38m.[38;2;21;19;34m.[38;2;33;27;35m.[38;2;50;36;34m.[38;2;13;17;23m.[0m
[38;2;65;31;15m:[38;2;66;32;14m.[38;2;69;28;9m.[38;2;68;28;10m.[38;2;64;31;14m.[38;2;57;30;15m.[38;2;54;29;15m.[38;2;59;28;11m.[38;2;67;30;12m.[38;2;64;29;11m.[38;2;58;27;11m.[38;2;59;24;8m.[38;2;58;23;7m.[38;2;55;25;11m.[38;2;53;24;11m.[38;2;51;27;17m.[38;2;63;46;39m:[38;2;84;67;59m=[38;2;135;120;107m+[38;2;143;125;108m+[38;2;169;145;122m*[38;2;174;148;123m*[38;2;167;143;121m*[38;2;157;135;116m+[38;2;138;119;105m+[38;2;120;103;93m=[38;2;106;89;79m=[38;2;134;112;98m+[38;2;167;143;123m*[38;2;173;146;123m*[38;2;173;148;124m*[38;2;174;148;124m*[38;2;172;145;121m*[38;2;176;149;125m*[38;2;174;148;123m*[38;2;129;100;79m=[38;2;133;110;90m+[38;2;93;76;65m=[38;2;149;134;121m+[38;2;179;156;134m*[38;2;176;149;127m*[38;2;173;145;121m*[38;2;166;140;117m*[38;2;158;133;112m*[38;2;151;128;108m*[38;2;148;127;109m+[38;2;171;147;125m*[38;2;189;163;137m#[38;2;181;156;130m*[38;2;183;158;132m*[38;2;184;159;133m*[38;2;174;148;124m*[38;2;175;148;124m*[38;2;166;142;120m*[38;2;148;130;114m*[38;2;135;124;113m+[38;2;132;122;111m+[38;2;138;123;107m+[38;2;145;125;107m+[38;2;156;132;111m+[38;2;158;132;109m+[38;2;151;126;106m+[38;2;138;115;97m+[38;2;132;111;94m=[38;2;134;114;97m+[38;2;135;115;100m+[38;2;134;115;100m+[38;2;123;105;93m+[38;2;116;98;87m=[38;2;115;98;88m=[38;2;112;94;85m=[38;2;94;79;75m=[38;2;92;79;77m-[38;2;81;72;72m-[38;2;45;38;47m-[38;2;32;26;40m.[38;2;33;29;47m.[38;2;26;24;37m.[38;2;21;18;31m.[38;2;24;20;32m.[38;2;22;18;34m.[38;2;22;18;33m.[38;2;20;18;31m.[38;2;21;17;31m.[38;2;73;68;70m.[38;2;74;68;71m.[38;2;43;38;47m-[38;2;21;20;33m.[38;2;24;20;35m.[38;2;22;19;33m.[38;2;20;18;31m.[38;2;19;17;30m.[38;2;20;19;33m.[38;2;37;31;39m.[38;2;48;31;26m.[38;2;13;17;23m:[0m
[38;2;125;108;97m+[38;2;95;76;63m=[38;2;62;38;22m:[38;2;63;33;14m:[38;2;63;31;14m:[38;2;64;31;14m:[38;2;58;29;15m.[38;2;64;29;11m.[38;2;68;29;11m.[38;2;64;30;12m.[38;2;62;29;10m.[38;2;65;25;8m.[38;2;60;26;9m.[38;2;54;25;8m.[38;2;55;24;8m.[38;2;62;37;25m:[38;2;115;97;81m+[38;2;181;159;138m*[38;2;177;152;127m*[38;2;172;147;123m*[38;2;147;124;106m+[38;2;142;121;102m+[38;2;140;120;103m+[38;2;122;104;91m=[38;2;112;95;82m=[38;2;137;116;100m+[38;2;164;141;121m*[38;2;178;155;130m*[38;2;175;149;122m*[38;2;175;149;125m*[38;2;169;142;118m*[38;2;176;148;122m*[38;2;178;152;125m*[38;2;150;123;100m+[38;2;135;106;83m+[38;2;152;124;97m+[38;2;144;115;91m+[38;2;118;99;84m=[38;2;156;142;126m+[38;2;176;152;128m*[38;2;173;145;120m*[38;2;173;145;121m*[38;2;167;141;119m*[38;2;159;135;114m*[38;2;154;130;111m*[38;2;145;123;105m+[38;2;174;149;125m*[38;2;190;164;137m#[38;2;172;144;122m*[38;2;167;140;117m*[38;2;162;134;111m*[38;2;161;136;112m*[38;2;182;156;130m*[38;2;166;138;115m*[38;2;167;142;121m*[38;2;143;121;106m*[38;2;134;122;108m+[38;2;133;123;111m+[38;2;142;128;112m+[38;2;170;146;124m+[38;2;170;142;119m*[38;2;173;146;123m*[38;2;165;138;116m*[38;2;148;123;104m*[38;2;129;109;93m+[38;2;143;123;104m+[38;2;155;130;110m*[38;2;156;132;109m*[38;2;128;109;94m+[38;2;116;98;85m=[38;2;118;100;90m=[38;2;119;102;90m+[38;2;113;96;88m=[38;2;100;86;83m=[38;2;100;87;85m-[38;2;40;32;40m-[38;2;34;30;44m:[38;2;27;23;41m.[38;2;24;21;31m.[38;2;22;20;31m.[38;2;24;20;31m.[38;2;24;21;30m.[38;2;24;20;32m.[38;2;27;22;35m.[38;2;36;33;49m.[38;2;43;37;57m.[38;2;60;57;70m.[38;2;85;81;86m:[38;2;63;60;76m-[38;2;45;44;63m:[38;2;44;43;65m:[38;2;44;45;69m:[38;2;38;36;61m.[38;2;24;19;33m.[38;2;51;39;37m.[38;2;13;17;23m:[0m
[38;2;133;117;106m+[38;2;125;114;106m+[38;2;129;119;110m+[38;2;119;105;97m+[38;2;107;91;82m=[38;2;66;45;31m:[38;2;58;35;20m:[38;2;63;33;17m:[38;2;66;31;15m.[38;2;63;34;15m:[38;2;81;57;41m:[38;2;61;32;16m.[38;2;59;25;9m:[38;2;80;56;43m=[38;2;160;138;118m*[38;2;178;156;133m*[38;2;155;134;113m+[38;2;155;132;114m+[38;2;144;125;108m+[38;2;138;117;101m+[38;2;136;120;106m+[38;2;121;103;89m+[38;2;106;89;73m-[38;2;159;137;118m+[38;2;172;150;128m*[38;2;170;147;123m*[38;2;171;144;119m*[38;2;178;149;122m*[38;2;177;149;123m*[38;2;182;155;128m*[38;2;180;155;129m*[38;2;167;141;115m+[38;2;111;84;59m=[38;2;132;102;76m+[38;2;137;102;64m=[38;2;138;102;65m=[38;2;139;109;83m+[38;2;118;101;86m=[38;2;155;139;121m+[38;2;172;148;123m*[38;2;178;151;126m*[38;2;181;152;125m*[38;2;170;143;118m*[38;2;162;138;115m*[38;2;146;122;102m*[38;2;119;98;82m=[38;2;157;134;114m+[38;2;175;151;128m*[38;2;173;148;123m*[38;2;169;143;119m*[38;2;166;138;115m*[38;2;172;145;122m*[38;2;167;141;117m*[38;2;169;143;118m*[38;2;175;148;123m*[38;2;153;130;109m*[38;2;143;124;108m+[38;2;135;125;112m+[38;2;137;125;111m+[38;2;146;129;113m+[38;2;160;139;122m+[38;2;156;134;114m*[38;2;144;122;101m+[38;2;149;126;106m+[38;2;147;124;105m*[38;2;130;109;93m+[38;2;143;119;102m+[38;2;152;127;105m+[38;2;140;119;101m+[38;2;120;102;86m+[38;2;111;95;85m=[38;2;118;100;92m=[38;2;117;98;89m=[38;2;104;86;80m=[38;2;94;81;76m=[38;2;90;79;76m=[38;2;53;46;51m-[38;2;38;30;40m:[38;2;30;25;35m.[38;2;25;21;27m.[38;2;24;20;34m.[38;2;24;21;29m.[38;2;24;21;30m.[38;2;27;23;34m.[38;2;35;31;49m.[38;2;36;32;53m.[38;2;33;29;53m.[38;2;40;39;62m.[38;2;35;32;59m:[38;2;32;30;55m.[38;2;34;29;57m.[38;2;31;28;56m.[38;2;21;19;36m.[38;2;27;24;36m.[38;2;52;38;37m.[38;2;13;17;23m:[0m
[38;2;127;108;99m=[38;2;124;108;100m+[38;2;118;106;99m=[38;2;124;115;105m+[38;2;109;99;90m=[38;2;82;66;58m:[38;2;59;38;28m:[38;2;61;35;18m:[38;2;64;35;17m:[38;2;126;103;86m-[38;2;171;151;132m*[38;2;146;127;110m+[38;2;134;113;92m+[38;2;160;139;119m*[38;2;142;124;107m+[38;2;149;131;113m+[38;2;152;132;114m+[38;2;154;132;112m+[38;2;138;119;102m+[38;2;115;95;77m=[38;2;136;116;99m+[38;2;170;148;127m*[38;2;159;136;114m*[38;2;170;143;120m*[38;2;173;147;125m*[38;2;172;148;125m*[38;2;179;154;129m*[38;2;180;154;128m*[38;2;169;144;121m*[38;2;158;133;110m+[38;2;122;95;72m=[38;2;157;126;100m+[38;2;160;128;97m+[38;2;159;128;98m+[38;2;179;147;116m*[38;2;177;149;120m*[38;2;153;124;97m*[38;2;101;77;57m=[38;2;158;140;120m+[38;2;175;150;125m*[38;2;177;151;122m*[38;2;179;153;125m*[38;2;175;150;123m*[38;2;168;143;117m*[38;2;149;125;100m*[38;2;112;91;74m-[38;2;141;122;105m=[38;2;173;152;131m*[38;2;178;154;128m*[38;2;177;150;121m*[38;2;178;150;123m*[38;2;171;144;120m*[38;2;170;143;121m*[38;2;171;143;119m**[38;2;170;143;118m*[38;2;169;143;122m*[38;2;146;126;110m*[38;2;141;125;111m*[38;2;141;129;114m+[38;2;144;131;113m+[38;2;146;130;114m+[38;2;152;133;115m+[38;2;148;127;109m*[38;2;140;119;101m+[38;2;143;123;104m+[38;2;148;123;101m+[38;2;138;110;90m+[38;2;150;124;106m+[38;2;150;126;107m+[38;2;123;100;84m+[38;2;119;98;82m=[38;2;119;100;85m=[38;2;117;97;85m=[38;2;107;90;80m=[38;2;102;86;79m=[38;2;101;85;80m=[38;2;56;47;52m=[38;2;36;27;34m:[38;2;32;25;30m.[38;2;30;23;30m.[38;2;27;24;31m.[38;2;27;22;30m.[38;2;26;21;27m.[38;2;36;31;44m.[38;2;37;32;47m.[38;2;40;35;53m.[38;2;41;39;59m:[38;2;37;30;50m.[38;2;31;28;56m.[38;2;32;29;57m.[38;2;31;28;57m.[38;2;28;27;52m.[38;2;31;30;51m.[38;2;26;23;34m.[38;2;13;17;23m.[0m
[38;2;132;109;94m+[38;2;129;111;99m+[38;2;136;121;111m+[38;2;118;102;91m=[38;2;119;104;92m+[38;2;127;113;101m+[38;2;128;113;101m+[38;2;141;121;103m+[38;2;164;143;123m*[38;2;167;146;127m+[38;2;120;101;85m+[38;2;172;151;128m*[38;2;166;141;118m*[38;2;169;145;121m*[38;2;172;146;124m*[38;2;160;136;116m*[38;2;155;131;110m+[38;2;167;142;122m*[38;2;168;145;123m*[38;2;170;147;123m*[38;2;175;151;126m*[38;2;178;155;130m*[38;2;179;155;129m*[38;2;173;149;124m*[38;2;164;138;116m*[38;2;157;132;112m*[38;2;162;137;117m*[38;2;149;125;107m+[38;2;129;110;94m+[38;2;127;106;88m=[38;2;159;134;111m*[38;2;179;149;118m*[38;2;184;155;125m*[38;2;185;154;121m*[38;2;188;157;123m*[38;2;188;156;119m*[38;2;178;143;105m*[38;2;148;117;89m+[38;2;150;127;108m+[38;2;171;147;120m*[38;2;178;153;125m*[38;2;182;156;128m*[38;2;177;152;125m*[38;2;171;147;121m*[38;2;163;139;114m*[38;2;129;107;88m=[38;2;124;104;88m=[38;2;155;133;113m+[38;2;179;155;130m*[38;2;176;150;124m*[38;2;171;144;117m*[38;2;178;150;121m*[38;2;178;150;122m*[38;2;176;148;124m*[38;2;175;147;122m*[38;2;172;145;122m*[38;2;172;144;122m*[38;2;167;142;120m*[38;2;161;139;118m*[38;2;150;134;116m+[38;2;149;136;121m+[38;2;145;134;121m+[38;2;138;128;114m+[38;2;132;120;105m+[38;2;135;119;103m+[38;2;144;124;106m+[38;2;153;130;109m+[38;2;157;132;109m+[38;2;149;125;104m+[38;2;129;107;88m+[38;2;148;126;107m+[38;2;130;110;95m+[38;2;118;98;83m=[38;2;117;97;84m=[38;2;116;96;83m=[38;2;110;92;82m=[38;2;103;86;79m=[38;2;67;56;56m=[38;2;78;71;75m:[38;2;55;47;51m-[38;2;35;27;33m.[38;2;29;22;29m.[38;2;28;24;29m.[38;2;31;25;31m.[38;2;30;24;33m.[38;2;25;22;33m.[38;2;35;31;50m.[38;2;38;36;58m.[38;2;37;33;55m.[38;2;34;32;56m.[38;2;30;29;56m.[38;2;34;33;63m.[38;2;31;28;51m.[38;2;21;19;32m.[38;2;19;16;29m.[38;2;13;17;23m.[0m
[38;2;146;119;98m+[38;2;139;117;99m+[38;2;103;79;62m-[38;2;84;52;33m:[38;2;122;99;78m-[38;2;146;126;106m*[38;2;162;142;125m*[38;2;141;124;112m+[38;2;118;105;98m+[38;2;106;97;96m=[38;2;79;74;77m-[38;2;88;79;78m+[38;2;139;124;112m+[38;2;156;138;123m*[38;2;149;130;115m*[38;2;162;139;120m*[38;2;162;139;119m*[38;2;163;141;118m*[38;2;159;137;117m*[38;2;151;129;109m+[38;2;151;127;106m+[38;2;160;136;115m*[38;2;159;137;116m*[38;2;148;127;108m+[38;2;131;112;94m+=[38;2;131;114;98m+[38;2;137;117;101m+[38;2;134;110;88m=[38;2;169;141;114m*[38;2;182;152;120m*[38;2;185;154;118m*[38;2;185;155;122m*[38;2;184;156;124m*[38;2;186;156;124m*[38;2;184;154;120m*[38;2;187;155;118m*[38;2;171;139;109m*[38;2;131;107;86m=[38;2;176;154;128m*[38;2;181;158;131m*[38;2;183;160;132m*[38;2;177;154;128m*[38;2;171;149;125m*[38;2;172;148;125m*[38;2;154;130;108m+[38;2;125;100;77m=[38;2;132;106;83m=[38;2;156;132;110m*[38;2;181;156;128m*[38;2;179;154;125m*[38;2;180;154;128m*[38;2;179;153;124m*[38;2;180;153;125m*[38;2;181;154;125m*[38;2;177;148;123m*[38;2;171;146;121m*[38;2;172;145;120m*[38;2;169;143;119m*[38;2;164;139;118m*[38;2;153;134;118m*[38;2;149;135;122m+[38;2;141;129;117m+[38;2;129;118;107m+[38;2;128;116;105m+[38;2;136;121;108m+[38;2;147;128;111m+[38;2;157;134;112m+[38;2;159;134;113m+[38;2;164;136;115m*[38;2;149;125;107m+[38;2;131;106;86m=[38;2;123;100;83m+[38;2;120;100;86m=[38;2;112;93;83m=[38;2;113;94;84m=[38;2;105;86;78m=[38;2;85;73;71m=[38;2;81;72;73m-[38;2;90;77;75m-[38;2;78;64;62m-[38;2;42;32;37m:[38;2;31;25;31m.[38;2;30;24;30m..[38;2;28;23;29m.[38;2;30;26;34m.[38;2;42;35;48m.[38;2;39;36;55m:[38;2;34;32;59m.[38;2;38;35;57m.[38;2;31;28;43m:[38;2;19;17;30m.[38;2;21;20;32m.[38;2;21;19;33m.[38;2;13;17;23m.[0m
[38;2;157;119;89m+[38;2;117;81;58m-[38;2;92;57;36m:[38;2;144;118;95m+[38;2;134;115;97m*[38;2;112;100;91m=[38;2;78;80;83m-[38;2;73;82;89m-[38;2;77;90;95m-[38;2;80;93;98m-[38;2;76;84;90m-[38;2;119;116;113m+[38;2;152;142;132m+[38;2;123;112;108m+[38;2;87;75;73m=[38;2;120;102;93m=[38;2;128;110;97m=[38;2;130;112;101m=[38;2;128;107;92m=[38;2;121;103;87m=[38;2;130;113;98m+[38;2;144;125;109m+[38;2;145;126;110m+[38;2;146;126;109m+[38;2;141;122;107m+[38;2;139;120;104m+[38;2;131;112;94m=[38;2;159;135;112m+[38;2;177;148;121m*[38;2;183;152;121m*[38;2;185;155;115m*[38;2;187;157;120m*[38;2;193;162;127m*[38;2;188;158;124m*[38;2;187;157;124m*[38;2;186;156;121m*[38;2;192;161;126m*[38;2;184;154;120m*[38;2;147;120;94m+[38;2;160;139;115m=[38;2;178;157;130m*[38;2;185;160;133m*[38;2;182;157;129m*[38;2;177;153;126m*[38;2;177;152;124m*[38;2;166;142;116m*[38;2;154;129;103m+[38;2;156;125;98m+[38;2;136;109;83m=[38;2;149;127;102m+[38;2;180;157;130m*[38;2;182;158;131m*[38;2;180;154;128m*[38;2;184;155;125m**[38;2;178;150;123m*[38;2;176;149;123m*[38;2;181;153;124m*[38;2;176;149;122m*[38;2;168;143;117m*[38;2;171;146;121m*[38;2;159;138;117m*[38;2;135;120;106m+[38;2;125;115;104m+[38;2;127;118;107m+[38;2;130;120;109m+[38;2;137;125;113m+[38;2;143;130;116m+[38;2;151;133;117m+[38;2;162;138;117m*[38;2;165;140;118m*[38;2;163;137;116m+[38;2;169;140;117m+[38;2;127;99;78m=[38;2;121;98;82m=[38;2;124;102;89m=[38;2;117;97;85m=[38;2;108;89;83m=[38;2;91;76;71m=[38;2;101;85;79m-[38;2;105;87;81m=[38;2;100;83;79m=[38;2;82;69;67m-[38;2;30;27;30m:[38;2;35;27;32m.[38;2;30;25;32m.[38;2;29;23;29m.[38;2;29;23;27m.[38;2;36;32;40m.[38;2;32;29;39m:[38;2;21;19;30m.[38;2;21;19;31m.[38;2;17;16;30m.[38;2;22;20;35m.[38;2;20;19;32m.[38;2;13;17;23m.[0m
[38;2;109;59;30m-[38;2;109;66;39m-[38;2;170;140;114m+[38;2;142;123;106m*[38;2;106;98;95m=[38;2;85;90;94m=[38;2;83;93;97m=[38;2;84;95;98m=[38;2;87;96;99m=[38;2;111;112;109m=[38;2;153;145;138m+[38;2;85;86;88m=[38;2;81;92;95m=[38;2;102;105;102m=[38;2;175;158;139m*[38;2;184;163;138m*[38;2;182;158;132m*[38;2;171;144;118m*[38;2;171;146;122m*[38;2;184;161;135m*[38;2;191;167;138m*[38;2;197;170;139m#[38;2;195;169;138m#[38;2;187;163;134m#[38;2;152;129;107m*[38;2;111;88;70m=[38;2;63;39;23m=[38;2;118;89;69m=[38;2;139;111;88m*[38;2;187;158;129m#[38;2;188;158;127m*[38;2;184;154;121m*[38;2;189;157;123m*[38;2;189;157;121m*[38;2;189;159;123m*[38;2;184;152;118m*[38;2;189;158;124m*[38;2;184;156;127m*[38;2;186;157;123m*[38;2;139;111;82m+[38;2;174;150;123m+[38;2;182;158;131m*[38;2;181;157;131m*[38;2;176;153;127m*[38;2;181;157;129m*[38;2;171;147;121m*[38;2;155;131;107m+[38;2;153;126;101m+[38;2;153;119;90m+[38;2;130;101;77m=[38;2;134;111;90m+[38;2;183;159;132m*[38;2;179;152;125m*[38;2;182;155;126m*[38;2;186;158;130m*[38;2;179;155;124m*[38;2;182;153;124m*[38;2;140;115;94m*[38;2;146;121;98m+[38;2;176;150;123m*[38;2;175;148;121m*[38;2;178;149;122m*[38;2;166;141;116m*[38;2;145;126;107m*[38;2;123;112;101m+[38;2;120;113;102m+[38;2;130;121;111m+[38;2;137;128;117m+[38;2;136;126;117m+[38;2;135;125;114m+[38;2;135;120;106m+[38;2;151;129;107m*[38;2;149;125;103m*[38;2;175;145;118m*[38;2;167;140;111m*[38;2;158;129;106m+[38;2;112;87;68m=[38;2;103;85;73m=[38;2;90;75;69m=[38;2;92;78;72m-[38;2;94;79;73m=[38;2;91;76;71m=[38;2;90;74;68m-[38;2;96;80;74m-[38;2;96;81;74m-[38;2;45;34;33m:[38;2;45;34;35m.[38;2;32;24;28m.[38;2;41;34;44m.[38;2;36;31;42m.[38;2;23;19;31m.[38;2;22;19;32m.[38;2;18;16;31m.[38;2;23;20;36m.[38;2;21;19;34m.[38;2;13;17;23m.[0m
[38;2;112;62;33m-[38;2;112;66;38m-[38;2;179;148;121m+[38;2;148;127;109m+[38;2;102;100;98m=[38;2;91;97;100m=[38;2;87;97;100m=[38;2;94;101;102m=[38;2;116;115;114m+[38;2;104;101;99m=[38;2;104;107;108m=[38;2;90;96;98m=[38;2;160;148;135m=[38;2;193;169;140m#[38;2;189;163;130m#[38;2;192;164;128m#[38;2;194;164;131m*[38;2;196;168;136m#[38;2;194;166;133m#[38;2;192;163;131m#[38;2;194;167;135m#[38;2;190;163;132m#[38;2;169;143;118m*[38;2;137;111;90m+[38;2;134;108;85m=[38;2;165;136;109m+[38;2;175;145;117m:[38;2;86;55;38m.[38;2;13;17;23m.[38;2;169;144;119m.[38;2;163;137;111m=[38;2;133;106;83m*[38;2;192;161;132m*[38;2;172;143;112m*[38;2;183;151;120m+[38;2;195;163;131m*[38;2;173;139;105m*[38;2;192;159;124m*[38;2;190;158;119m*[38;2;191;161;126m*[38;2;153;128;105m+[38;2;187;161;132m*[38;2;194;167;136m*[38;2;196;169;135m*[38;2;195;168;135m#[38;2;187;161;130m#[38;2;166;142;115m*[38;2;149;122;98m+[38;2;170;143;117m*[38;2;157;124;94m+[38;2;148;120;94m+[38;2;138;113;89m+[38;2;179;155;126m*[38;2;188;163;134m*[38;2;184;159;131m*[38;2;181;156;130m*[38;2;181;152;125m*[38;2;167;139;112m*[38;2;166;140;114m*[38;2;147;123;100m+[38;2;147;127;107m+[38;2;175;151;127m*[38;2;175;149;125m*[38;2;172;146;122m*[38;2;167;142;119m*[38;2;159;135;115m+[38;2;130;116;100m+[38;2;127;119;109m+[38;2;128;120;111m+[38;2;131;121;112m+[38;2;128;119;111m+[38;2;133;122;112m+[38;2;133;119;107m+[38;2;150;126;103m+[38;2;167;136;111m+[38;2;162;133;104m*[38;2;169;136;104m*[38;2;165;136;110m*[38;2;167;137;111m+[38;2;139;111;90m=[38;2;105;82;65m=[38;2;94;75;63m-[38;2;97;80;70m-[38;2;104;86;74m-[38;2;102;85;75m=[38;2;101;83;76m=[38;2;99;82;74m=[38;2;82;69;64m:[38;2;32;25;30m.[38;2;31;23;27m.[38;2;26;21;31m.[38;2;20;18;30m.[38;2;18;16;29m.[38;2;25;22;37m.[38;2;23;21;36m.[38;2;13;17;23m.[0m
[38;2;13;17;23m-[38;2;102;50;23m-[38;2;179;150;123m+[38;2;141;121;105m+[38;2;102;98;96m=[38;2;99;100;99m=[38;2;100;104;104m=[38;2;108;109;106m+[38;2;114;111;107m=[38;2;108;106;103m+[38;2;104;104;102m=[38;2;125;113;101m*[38;2;191;168;139m#[38;2;198;171;137m#[38;2;197;171;135m#[38;2;197;169;133m#[38;2;199;170;135m#[38;2;197;170;136m#[38;2;197;171;137m#[38;2;187;160;130m#[38;2;175;149;119m#[38;2;157;135;113m=[38;2;142;119;98m=[38;2;129;103;79m+[38;2;158;122;88m+[38;2;167;135;103m*[38;2;186;155;122m*[38;2;196;165;128m*[38;2;192;161;125m*[38;2;169;140;110m:[38;2;143;113;91m.[38;2;78;46;29m.[38;2;180;148;120m:[38;2;136;107;82m:[38;2;146;115;89m-[38;2;177;143;113m-[38;2;150;118;91m*[38;2;195;166;132m*[38;2;189;160;125m*[38;2;187;158;125m*[38;2;180;150;121m*[38;2;181;152;122m+[38;2;191;163;131m*[38;2;193;166;133m#[38;2;193;166;132m#[38;2;194;167;131m#[38;2;192;164;131m#[38;2;168;143;119m*[38;2;163;137;112m*[38;2;175;145;114m*[38;2;168;139;107m*[38;2;155;126;100m+[38;2;158;133;107m+[38;2;177;152;124m*[38;2;188;162;131m*[38;2;176;152;123m*[38;2;189;160;132m*[38;2;171;146;120m*[38;2;169;143;117m*[38;2;171;145;118m*[38;2;163;139;115m*[38;2;146;124;103m+[38;2;136;116;98m+[38;2;129;110;94m+[38;2;143;122;103m*[38;2;164;139;116m*[38;2;163;138;116m*[38;2;151;132;114m+[38;2;134;119;108m+[38;2;134;123;112m+[38;2;124;116;107m+[38;2;126;117;108m+[38;2;122;112;103m+[38;2;128;115;102m+[38;2;146;125;107m+[38;2;142;120;100m+[38;2;146;120;98m+[38;2;150;123;100m+[38;2;153;126;101m+[38;2;140;113;91m+[38;2;155;123;97m+[38;2;154;122;95m+[38;2;132;105;84m+[38;2;65;57;53m+[38;2;111;92;77m+[38;2;117;97;81m=[38;2;129;107;91m=[38;2;120;102;86m=[38;2;106;92;84m=[38;2;108;96;90m=[38;2;63;53;55m=[38;2;21;18;29m.[38;2;13;17;23m.[38;2;19;16;29m.[38;2;23;20;36m.[38;2;13;17;23m.[0m
[38;2;87;42;22m:[38;2;99;48;22m:[38;2;85;41;21m:[38;2;129;102;85m-[38;2;109;103;100m+[38;2;106;105;103m=[38;2;105;106;105m=[38;2;107;107;104m=[38;2;109;104;100m+[38;2;120;116;111m+[38;2;123;118;110m+[38;2;183;161;135m#[38;2;197;172;138m#[38;2;201;172;135m#[38;2;200;172;136m#[38;2;198;170;134m#[38;2;192;165;132m#[38;2;186;161;130m*[38;2;187;163;132m+[38;2;175;152;128m+[38;2;143;122;101m*[38;2;142;123;107m+[38;2;130;111;93m=[38;2;127;101;77m+[38;2;161;124;90m=[38;2;176;144;111m*[38;2;192;161;126m*[38;2;196;164;128m#[38;2;193;161;126m#[38;2;189;158;125m#[38;2;190;158;126m#[38;2;187;155;122m#[38;2;193;160;125m#[38;2;186;154;121m#[38;2;188;155;121m#[38;2;186;153;117m#[38;2;186;153;121m*[38;2;194;166;131m*[38;2;193;163;128m#[38;2;194;163;129m#[38;2;192;160;127m#[38;2;181;151;118m#[38;2;178;151;121m+[38;2;191;163;130m*#[38;2;193;165;131m#[38;2;193;167;135m#[38;2;186;161;134m*[38;2;161;135;110m+[38;2;176;148;116m*[38;2;176;147;114m*[38;2;168;137;108m*[38;2;154;124;94m*[38;2;164;137;110m+[38;2;185;158;127m+[38;2;188;162;132m#[38;2;187;159;131m#[38;2;176;151;125m*[38;2;174;147;121m*[38;2;176;150;122m*[38;2;171;144;119m*[38;2;148;126;104m*[38;2;127;108;91m+[38;2;121;104;89m=[38;2;140;120;102m=[38;2;152;129;109m=[38;2;158;134;113m+[38;2;151;129;111m+[38;2;140;120;106m*[38;2;142;126;112m+[38;2;125;113;101m=[38;2;113;104;97m+[38;2;110;103;97m+[38;2;109;104;99m+[38;2;116;108;101m+[38;2;125;114;104m+[38;2;118;104;93m+[38;2;130;109;92m=[38;2;134;112;93m=[38;2;127;105;87m=[38;2;134;109;89m+[38;2;138;112;92m+[38;2;125;102;84m+[38;2;14;17;23m+[38;2;129;107;90m+[38;2;119;99;83m+[38;2;125;104;88m+[38;2;108;93;80m+[38;2;111;98;88m=[38;2;115;103;96m-[38;2;69;59;61m:[38;2;46;36;41m-[38;2;27;22;30m-[38;2;24;19;30m:[38;2;19;15;28m.[38;2;13;17;23m.[0m
[38;2;90;43;22m:[38;2;92;44;22m:[38;2;90;43;21m:[38;2;88;45;24m:[38;2;102;76;63m:[38;2;109;90;80m:[38;2;115;107;101m-[38;2;111;108;104m+[38;2;107;104;99m+[38;2;121;116;110m=[38;2;143;130;113m*[38;2;189;165;137m#[38;2;197;170;136m#[38;2;202;173;136m#[38;2;202;172;136m#[38;2;201;172;135m+[38;2;163;139;117m=[38;2;115;102;92m=[38;2;111;95;85m=[38;2;166;147;129m*[38;2;154;138;122m*[38;2;121;110;100m=[38;2;115;104;91m+[38;2;128;102;79m=[38;2;164;129;98m=[38;2;185;154;121m#[38;2;195;162;127m#[38;2;200;166;130m*[38;2;194;162;127m#[38;2;193;161;127m#[38;2;191;160;126m#[38;2;192;160;127m#[38;2;196;164;129m#[38;2;195;162;128m#[38;2;196;164;128m*[38;2;195;163;127m#[38;2;197;163;128m#[38;2;196;164;129m#[38;2;196;163;128m#[38;2;195;163;130m#[38;2;195;164;128m#[38;2;187;156;122m*[38;2;175;145;115m*[38;2;187;156;126m*[38;2;192;163;131m*[38;2;191;164;132m#[38;2;192;167;137m#[38;2;188;164;134m#[38;2;174;149;121m#[38;2;172;143;113m*[38;2;185;156;122m*[38;2;184;153;114m*[38;2;172;138;101m*[38;2;158;125;95m*[38;2;144;115;91m+[38;2;191;164;136m+[38;2;182;156;128m*[38;2;179;154;125m*[38;2;180;152;126m*[38;2;178;151;123m*[38;2;179;151;124m*[38;2;183;157;130m*[38;2;161;138;115m*[38;2;121;101;86m*[38;2;105;89;82m+[38;2;106;91;85m=[38;2;108;92;84m=[38;2;121;105;94m=[38;2;146;124;107m=[38;2;152;130;112m-[38;2;132;112;98m=[38;2;111;98;89m+[38;2;115;109;103m+[38;2;107;107;104m-[38;2;108;106;103m=[38;2;117;113;107m=[38;2;106;104;102m=[38;2;100;97;95m=[38;2;102;96;92m=[38;2;99;90;85m=[38;2;107;93;85m=[38;2;126;107;93m=[38;2;126;107;92m=[38;2;129;110;95m-[38;2;125;106;92m-[38;2;110;92;80m-[38;2;99;82;73m-[38;2;102;86;78m-[38;2;100;86;78m-[38;2;74;61;59m-[38;2;70;59;62m-[38;2;69;63;69m-[38;2;66;62;69m-[38;2;33;24;30m-[38;2;25;15;19m:[38;2;13;17;23m.[0m
[38;2;79;36;17m:[38;2;83;40;20m:[38;2;82;39;20m:[38;2;80;38;18m:[38;2;77;36;17m:[38;2;78;37;19m:[38;2;74;36;20m:[38;2;108;87;74m:[38;2;134;118;106m+[38;2;136;124;114m*[38;2;177;159;139m*[38;2;191;165;137m#[38;2;202;175;141m*[38;2;181;155;128m=[38;2;122;108;97m=[38;2;96;94;92m=[38;2;91;97;99m-[38;2;82;78;79m+[38;2;170;154;139m*[38;2;158;143;123m*[38;2;127;118;106m+[38;2;105;101;96m=[38;2;110;108;107m=[38;2;121;108;97m=[38;2;164;137;109m+[38;2;189;156;121m*[38;2;193;159;123m#[38;2;194;160;125m#[38;2;193;159;125m#[38;2;193;160;125m#[38;2;192;160;126m#[38;2;193;160;126m#[38;2;195;161;129m#[38;2;196;163;128m##[38;2;196;163;129m#[38;2;198;165;129m#[38;2;195;163;130m#[38;2;195;161;128m#[38;2;196;163;129m*[38;2;195;161;125m#[38;2;193;160;124m#[38;2;192;159;126m#[38;2;174;144;113m#[38;2;171;141;110m*[38;2;183;157;126m+[38;2;195;170;138m*[38;2;195;169;137m#[38;2;187;162;133m#[38;2;172;148;123m#[38;2;174;147;118m*[38;2;179;148;118m*[38;2;186;155;120m*[38;2;188;155;116m*[38;2;175;142;110m*[38;2;152;122;94m*[38;2;165;137;107m+[38;2;175;149;124m+[38;2;180;153;127m*[38;2;177;149;123m*[38;2;176;149;122m*[38;2;182;154;126m*[38;2;177;149;123m*[38;2;171;144;119m*[38;2;160;135;112m*[38;2;138;115;97m*[38;2;124;104;89m+[38;2;129;109;96m=[38;2;127;107;96m=[38;2;124;105;94m=[38;2;125;107;93m=[38;2;122;101;92m=[38;2;106;89;80m=[38;2;91;76;69m=[38;2;107;94;89m=[38;2;102;91;87m=[38;2;96;91;90m=[38;2;96;95;95m-[38;2;94;93;93m-[38;2;91;95;97m--[38;2;92;95;95m-[38;2;90;93;94m-[38;2;89;91;93m-[38;2;86;87;89m-[38;2;81;79;80m-[38;2;81;75;75m-[38;2;82;75;73m=[38;2;85;76;73m=[38;2;83;72;70m=[38;2;71;62;64m-[38;2;68;63;70m:[38;2;68;65;73m-[38;2;67;62;69m-[38;2;38;30;34m:[38;2;13;17;23m:[0m
[38;2;78;37;16m:[38;2;79;36;15m:[38;2;77;36;15m:[38;2;79;36;15m:[38;2;80;40;20m:[38;2;77;37;18m:[38;2;72;34;16m:[38;2;79;37;18m:[38;2;110;80;64m:[38;2;153;131;114m*[38;2;175;154;129m*[38;2;174;152;128m+[38;2;109;93;83m=[38;2;101;103;104m=[38;2;94;100;104m=[38;2;92;100;103m=[38;2;94;92;92m=[38;2;169;154;137m*[38;2;173;156;135m*[38;2;146;136;124m*[38;2;102;96;93m-[38;2;102;101;100m=[38;2;106;105;107m=[38;2;122;113;107m=[38;2;168;142;115m*[38;2;190;157;123m#[38;2;199;163;128m#[38;2;198;162;129m#[38;2;194;160;126m##[38;2;193;159;125m#[38;2;197;162;128m#[38;2;204;169;134m#[38;2;200;164;129m#[38;2;198;163;128m#[38;2;199;165;130m#[38;2;199;169;133m#[38;2;200;174;139m#[38;2;200;171;136m#[38;2;196;161;127m##[38;2;195;160;126m#[38;2;197;161;128m#[38;2;198;162;128m#[38;2;187;154;121m#[38;2;168;140;109m*[38;2;165;136;105m*[38;2;181;153;124m+[38;2;192;167;139m*[38;2;191;167;142m#[38;2;187;163;138m#[38;2;144;119;93m*[38;2;182;154;123m=[38;2;177;144;113m=[38;2;187;154;123m*[38;2;179;148;115m*[38;2;155;126;97m+[38;2;151;120;93m*[38;2;143;116;89m+[38;2;173;150;123m+[38;2;180;152;125m+[38;2;182;153;125m*[38;2;175;147;120m*[38;2;171;143;117m*[38;2;173;145;119m*[38;2;178;150;124m*[38;2;177;151;126m*[38;2;165;140;120m*[38;2;131;111;97m*[38;2;143;123;106m+[38;2;132;112;97m+[38;2;129;107;92m+[38;2;129;106;90m+[38;2;131;108;93m+[38;2;129;104;89m+[38;2;123;101;85m=[38;2;119;101;88m=[38;2;111;94;84m=[38;2;109;94;84m=[38;2;114;97;88m=[38;2;110;96;87m=[38;2;94;82;77m=[38;2;66;58;62m-[38;2;95;87;84m:[38;2;98;87;84m-[38;2;101;86;81m-[38;2;102;86;80m=[38;2;101;86;81m=[38;2;101;86;80m=[38;2;103;86;79m=[38;2;72;58;53m=[38;2;34;17;11m:[38;2;35;22;21m.[38;2;49;37;37m.[38;2;50;37;36m.[38;2;13;17;23m.[0m
[38;2;79;36;17m:[38;2;80;38;17m:[38;2;76;35;16m:[38;2;80;37;17m:[38;2;77;37;17m:[38;2;75;36;17m:[38;2;71;35;17m:[38;2;77;36;17m:[38;2;103;68;48m:[38;2;146;120;99m*[38;2;171;153;133m+[38;2;107;95;88m+[38;2;107;107;105m=[38;2;101;107;110m=[38;2;96;105;107m=[38;2;96;102;104m=[38;2;128;119;109m+[38;2;179;155;133m*[38;2;171;151;127m*[38;2;141;132;121m+[38;2;96;90;87m-[38;2;101;100;101m=[38;2;104;106;106m=[38;2;111;104;98m=[38;2;154;130;107m=[38;2;188;155;121m#[38;2;201;165;128m#[38;2;200;164;129m#[38;2;196;163;127m#[38;2;198;164;129m#[38;2;199;166;130m#[38;2;200;165;130m#[38;2;202;168;133m#[38;2;202;168;132m#[38;2;201;167;131m#[38;2;201;168;133m#[38;2;204;180;145m#[38;2;197;170;134m#[38;2;200;166;131m#[38;2;198;164;128m#[38;2;197;164;128m#[38;2;195;162;127m*[38;2;192;159;124m#[38;2;196;162;127m#[38;2;200;165;130m#[38;2;197;163;129m#[38;2;184;151;119m#[38;2;174;141;111m#[38;2;161;133;105m*[38;2;179;152;123m+[38;2;193;166;137m*[38;2;192;168;143m#[38;2;168;143;123m#[38;2;61;37;24m*[38;2;67;42;30m:[38;2;121;96;82m.[38;2;151;126;105m.[38;2;135;111;90m.[38;2;134;111;90m.[38;2;153;129;104m=[38;2;139;119;98m+[38;2;174;151;128m+[38;2;174;150;125m+[38;2;171;145;120m*[38;2;173;144;119m*[38;2;177;147;122m*[38;2;180;151;123m*[38;2;176;148;121m*[38;2;176;150;123m*[38;2;175;148;122m*[38;2;123;96;73m*[38;2;168;141;116m+[38;2;168;140;114m+[38;2;163;136;111m*[38;2;149;121;99m+[38;2;140;112;88m*[38;2;138;109;88m*[38;2;122;99;82m+[38;2;115;96;82m=[38;2;113;95;80m=[38;2;114;98;84m=[38;2;105;90;81m=[38;2;81;71;69m=[38;2;68;62;65m-[38;2;90;80;78m:[38;2;101;87;81m-[38;2;105;87;80m=[38;2;108;89;82m-[38;2;104;86;79m=[38;2;102;85;78m=[38;2;104;87;79m=[38;2;53;34;28m-[38;2;13;17;23m....[0m
[38;2;80;39;18m:[38;2;86;41;22m:[38;2;80;38;19m:[38;2;79;39;18m:[38;2;78;36;17m:[38;2;80;38;19m:[38;2;76;37;20m:[38;2;77;34;16m:[38;2;104;68;47m:[38;2;125;94;73m=[38;2;140;122;105m+[38;2;125;119;112m+[38;2;129;124;121m+[38;2;108;110;110m=[38;2;97;105;107m=[38;2;91;93;96m=[38;2;133;120;106m+[38;2;174;152;124m*[38;2;168;149;127m*[38;2;137;128;116m*[38;2;99;94;92m=[38;2;104;105;104m=[38;2;103;107;108m=[38;2;103;102;99m=[38;2;152;132;114m=[38;2;184;157;129m*[38;2;194;165;133m#[38;2;196;163;128m#[38;2;198;164;129m#[38;2;198;165;131m#[38;2;199;167;132m#[38;2;196;164;128m#[38;2;199;168;131m#[38;2;200;165;130m#[38;2;203;168;133m#[38;2;203;171;134m#[38;2;200;166;130m#[38;2;200;166;131m#[38;2;201;168;134m#[38;2;202;169;134m#[38;2;201;167;133m#[38;2;199;164;130m#[38;2;199;163;129m#[38;2;201;166;132m#[38;2;204;169;134m#[38;2;200;166;131m#[38;2;198;164;130m#[38;2;201;167;132m#[38;2;200;165;131m#[38;2;179;147;115m#[38;2;149;123;93m*[38;2;145;117;91m+[38;2;172;148;124m+[38;2;176;154;130m+[38;2;192;167;143m*[38;2;95;70;58m*[38;2;44;21;10m+[38;2;42;19;9m:[38;2;45;25;15m-[38;2;57;27;12m-[38;2;66;39;24m:[38;2;147;119;95m.[38;2;144;120;97m=[38;2;134;112;91m*[38;2;159;137;114m+[38;2;179;155;129m+[38;2;180;152;125m*[38;2;177;147;123m*[38;2;177;151;126m*[38;2;176;149;124m*[38;2;177;151;127m*[38;2;170;142;118m*[38;2;176;149;124m*[38;2;130;104;76m*[38;2;160;133;107m+[38;2;160;131;107m+[38;2;158;130;105m*[38;2;156;126;97m+[38;2;141;116;93m+[38;2;124;102;84m+[38;2;114;95;80m=[38;2;116;97;82m=[38;2;103;87;77m=[38;2;67;60;64m-[38;2;59;54;63m:[38;2;85;74;75m:[38;2;101;88;84m-[38;2;107;90;83m=[38;2;109;89;77m=[38;2;103;87;79m=[38;2;104;87;82m=[38;2;79;65;62m=[38;2;35;18;10m-[38;2;13;17;23m...[0m
[38;2;78;36;17m:[38;2;81;39;18m:[38;2;81;38;19m:[38;2;84;42;22m:[38;2;79;38;19m:[38;2;94;62;42m-[38;2;103;70;49m=[38;2;90;53;32m:[38;2;78;39;19m:[38;2;101;73;56m-[38;2;149;133;121m+[38;2;124;118;111m+[38;2;119;116;111m+[38;2;122;120;116m+[38;2;107;111;111m+[38;2;96;104;105m=[38;2;91;92;89m=[38;2;170;153;136m=[38;2;169;153;134m*[38;2;138;128;116m*[38;2;132;125;118m*[38;2;107;107;104m+[38;2;105;106;107m=[38;2;104;105;105m=[38;2;106;102;98m=[38;2;147;126;107m=[38;2;188;159;129m*[38;2;201;173;139m#[38;2;200;172;135m#[38;2;196;166;128m#[38;2;194;163;127m#[38;2;205;175;137m#[38;2;204;174;135m#[38;2;204;173;135m#[38;2;198;165;129m#[38;2;199;165;130m#[38;2;202;169;133m#[38;2;200;168;132m#[38;2;197;163;128m#[38;2;201;168;133m#[38;2;201;167;132m#[38;2;199;166;131m#[38;2;202;168;133m#[38;2;201;168;132m#[38;2;198;165;130m#[38;2;196;162;128m#[38;2;198;162;128m#[38;2;198;162;129m#[38;2;197;161;128m#[38;2;198;162;128m#[38;2;197;161;128m#[38;2;192;158;125m#[38;2;188;155;124m#[38;2;163;132;103m*[38;2;160;130;104m*[38;2;156;128;101m+[38;2;165;136;109m+[38;2;190;164;138m*[38;2;153;129;107m*[38;2;170;143;117m+[38;2;177;151;125m*[38;2;173;146;120m*[38;2;174;146;119m*[38;2;174;146;118m*[38;2;166;139;112m*[38;2;147;120;95m+[38;2;138;110;79m+[38;2;120;91;64m+[38;2;132;106;85m=[38;2;167;144;125m+[38;2;167;141;118m+[38;2;162;136;113m*[38;2;164;136;112m*[38;2;165;139;114m*[38;2;158;132;108m*[38;2;149;122;98m+[38;2;132;106;81m+[38;2;154;126;102m+[38;2;148;123;102m+[38;2;137;117;98m+[38;2;129;107;88m+[38;2;126;103;83m+[38;2;114;95;83m=[38;2;95;83;80m=[38;2;53;56;69m:[38;2;44;53;70m:[38;2;80;74;78m:[38;2;98;89;86m-[38;2;102;88;81m=[38;2;102;85;79m=[38;2;104;87;80m=[38;2;88;75;73m-[38;2;68;55;53m-[38;2;13;17;23m:..[0m
[38;2;81;38;19m:[38;2;83;40;20m:[38;2;83;40;21m:[38;2;84;39;20m:[38;2;78;38;20m:[38;2;125;95;73m-[38;2;128;99;76m*[38;2;125;97;74m=[38;2;101;74;58m=[38;2;142;119;105m*[38;2;152;138;125m+[38;2;128;117;107m+[38;2;128;122;115m+[38;2;124;118;112m+[38;2;121;116;112m+[38;2;129;125;119m+[38;2;109;108;106m=[38;2;106;108;109m=[38;2;98;98;98m=[38;2;101;97;93m=[38;2;103;93;88m-[38;2;118;105;97m=[38;2;115;102;93m=[38;2;114;100;92m=[38;2;112;100;93m+[38;2;114;101;92m=[38;2;145;125;105m=[38;2;184;157;128m*[38;2;190;163;131m#[38;2;197;167;131m#[38;2;198;169;131m#[38;2;199;168;131m#[38;2;199;168;130m#[38;2;200;167;132m#[38;2;201;168;132m#[38;2;191;159;124m*[38;2;197;165;129m*[38;2;196;166;131m#[38;2;196;165;129m#[38;2;198;167;132m#[38;2;198;166;131m#[38;2;196;163;129m#[38;2;198;166;131m#[38;2;196;164;129m#[38;2;195;163;128m#[38;2;195;163;127m#[38;2;196;163;128m#[38;2;196;163;127m#[38;2;195;161;127m#[38;2;196;163;128m#[38;2;197;162;128m#[38;2;197;163;128m#[38;2;198;163;128m#[38;2;199;165;131m#[38;2;197;163;128m#[38;2;198;163;129m#[38;2;187;153;122m#[38;2;176;144;115m*[38;2;171;142;113m*[38;2;171;144;115m*[38;2;177;150;120m*[38;2;183;154;123m*[38;2;177;147;117m*[38;2;163;133;104m*[38;2;144;112;83m+[38;2;148;112;79m+[38;2;152;110;67m+[38;2;142;100;60m=[38;2;94;63;45m:[38;2;90;76;68m=[38;2;109;96;91m-[38;2;111;94;83m-[38;2;125;109;95m=[38;2;130;114;100m+[38;2;141;120;104m+[38;2;127;104;83m=[38;2;125;101;81m=[38;2;115;95;79m=[38;2;112;92;76m=[38;2;101;82;65m=[38;2;111;90;72m=[38;2;121;99;82m=[38;2;116;97;85m=[38;2;98;84;80m=[38;2;58;58;68m:[38;2;48;55;74m:[38;2;52;61;81m:[38;2;58;60;72m:[38;2;87;78;78m:[38;2;102;87;83m=[38;2;102;87;80m=[38;2;88;77;72m-[38;2;90;77;75m-[38;2;50;35;30m-[38;2;13;17;23m..[0m
[38;2;84;41;20m:[38;2;84;40;19m:[38;2;85;41;21m:[38;2;84;41;22m:[38;2;84;41;23m:[38;2;82;40;22m:[38;2;94;58;40m:[38;2;117;83;62m-[38;2;121;88;66m-[38;2;92;61;43m:[38;2;71;30;11m:[38;2;76;41;22m:[38;2;87;55;38m:[38;2;112;93;80m=[38;2;125;116;107m+[38;2;127;122;115m+[38;2;123;122;116m+[38;2;123;119;114m+[38;2;113;112;108m=[38;2;110;109;107m=[38;2;112;106;100m=[38;2;137;126;108m+[38;2;161;140;117m*[38;2;164;142;121m*[38;2;159;138;120m*[38;2;146;128;113m*[38;2;133;115;102m=[38;2;126;106;91m+[38;2;158;130;102m+[38;2;198;169;133m#[38;2;198;169;131m#[38;2;198;168;131m#[38;2;199;167;131m#[38;2;200;169;133m#[38;2;201;169;133m#[38;2;201;171;135m#[38;2;197;165;129m#[38;2;166;136;100m*[38;2;187;156;119m*[38;2;197;167;130m*[38;2;200;169;132m##[38;2;201;169;132m#[38;2;199;167;131m#[38;2;198;166;131m#[38;2;198;167;131m#[38;2;196;166;129m#[38;2;183;154;120m*[38;2;196;167;132m#[38;2;194;163;129m#[38;2;185;155;124m*[38;2;173;142;110m+[38;2;166;136;105m+[38;2;161;131;98m+[38;2;173;141;107m+[38;2;191;159;127m*[38;2;195;165;131m*[38;2;197;166;130m#[38;2;193;163;128m#[38;2;193;160;126m#[38;2;188;156;121m#[38;2;183;148;108m*[38;2;166;128;87m*[38;2;146;106;67m+[38;2;140;94;59m+[38;2;145;92;57m=[38;2;143;93;59m=[38;2;137;93;62m=[38;2;99;82;73m-[38;2;104;96;95m=[38;2;76;68;70m-[38;2;116;104;99m=[38;2;121;104;96m=[38;2;107;89;82m=[38;2;107;90;81m=[38;2;129;111;97m-[38;2;142;122;106m+[38;2;138;120;103m+[38;2;140;121;104m+[38;2;141;122;105m+[38;2;131;110;93m+[38;2;129;108;92m+[38;2;117;98;86m+[38;2;100;85;80m=[38;2;61;62;71m-[38;2;52;63;78m-[38;2;53;62;79m:[38;2;51;60;79m:[38;2;52;57;77m:[38;2;71;68;76m:[38;2;91;81;80m-[38;2;88;78;77m-[38;2;88;78;76m-[38;2;73;59;56m-[38;2;13;17;23m:.[0m
[38;2;84;41;21m:[38;2;85;41;20m:[38;2;83;39;19m:[38;2;83;40;20m:[38;2;81;39;21m:[38;2;80;39;21m:[38;2;76;38;21m:[38;2;73;34;16m:[38;2;74;33;14m:[38;2;86;40;18m:[38;2;85;42;19m:[38;2;83;40;20m:[38;2;85;43;23m:[38;2;86;43;22m:[38;2;89;46;25m:[38;2;85;51;34m:[38;2;93;74;62m-[38;2;95;82;72m-[38;2;104;96;84m=[38;2;127;116;102m+[38;2;177;157;133m*[38;2;188;167;139m#[38;2;183;160;133m#[38;2;171;147;122m*[38;2;160;136;113m*[38;2;155;131;111m*[38;2;152;130;111m*[38;2;123;106;95m=[38;2;125;113;103m+[38;2;142;122;102m+[38;2;198;169;135m#[38;2;201;172;135m#[38;2;204;173;135m#[38;2;202;172;134m#[38;2;201;171;132m#[38;2;200;168;131m#[38;2;199;167;130m#[38;2;197;166;130m#[38;2;200;169;132m#[38;2;198;168;131m#[38;2;200;170;133m#[38;2;200;170;135m#[38;2;190;161;127m#[38;2;171;146;116m*[38;2;170;146;115m*[38;2;185;161;130m*[38;2;196;172;141m#[38;2;188;162;131m*[38;2;187;159;127m*[38;2;192;163;131m#[38;2;194;165;131m#[38;2;196;168;133m#[38;2;185;156;125m*[38;2;195;166;133m#[38;2;193;164;130m#[38;2;176;148;122m*[38;2;169;143;116m*[38;2;142;116;93m*[38;2;170;140;109m+[38;2;168;134;100m*[38;2;162;122;88m+[38;2;142;95;58m+[38;2;128;80;44m=[38;2;129;75;42m-[38;2;142;86;51m=[38;2;149;94;58m=[38;2;139;91;59m=[38;2;102;85;74m-[38;2;101;100;99m=[38;2;95;98;98m=[38;2;73;65;67m-[38;2;112;96;89m-[38;2;125;107;92m+[38;2;116;96;83m=[38;2;114;96;84m=[38;2;119;100;87m=[38;2;96;79;71m=[38;2;120;100;89m-[38;2;135;117;102m=[38;2;135;116;100m+[38;2;136;114;95m+[38;2;129;108;91m+[38;2;119;98;83m+[38;2;102;85;77m=[38;2;59;63;73m-[38;2;51;65;79m-[38;2;50;64;78m:[38;2;51;62;81m-[38;2;47;57;79m:[38;2;47;51;72m:[38;2;66;64;71m:[38;2;89;81;79m-[38;2;86;76;75m-[38;2;80;68;66m-[38;2;37;20;15m-[38;2;13;17;23m.[0m
[38;2;83;39;22m:[38;2;84;41;21m:[38;2;84;42;23m:[38;2;82;40;21m:[38;2;78;38;21m:[38;2;71;33;17m:[38;2;65;30;14m:[38;2;79;38;18m:[38;2;82;39;19m:[38;2;86;41;19m:[38;2;88;43;22m:[38;2;87;44;23m:[38;2;87;45;21m:[38;2;90;44;21m:[38;2;94;53;30m-[38;2;136;101;75m=[38;2;198;171;139m#[38;2;198;171;137m#[38;2;201;174;138m#[38;2;201;173;136m#[38;2;200;171;135m#[38;2;195;167;134m#[38;2;176;150;123m*[38;2;175;149;125m*[38;2;170;145;122m*[38;2;157;134;114m*[38;2;157;135;118m*[38;2;148;128;116m+[38;2;96;83;74m=[38;2;121;113;105m+[38;2;135;120;108m+[38;2;170;140;114m*[38;2;201;171;135m#[38;2;199;170;131m#[38;2;195;165;126m#[38;2;202;170;133m#[38;2;200;170;134m#[38;2;200;171;133m#[38;2;202;172;135m#[38;2;199;168;131m#[38;2;200;170;132m#[38;2;191;162;127m#[38;2;170;144;115m*[38;2;190;164;133m*[38;2;197;169;136m#[38;2;196;167;133m#[38;2;196;168;132m#[38;2;195;167;134m#[38;2;192;164;133m#[38;2;196;167;134m#[38;2;199;170;135m#[38;2;194;166;133m#[38;2;194;167;135m#[38;2;186;158;127m*[38;2;195;166;134m*[38;2;189;161;130m#[38;2;197;168;136m*[38;2;182;156;126m#[38;2;151;124;98m*[38;2;113;85;63m+[38;2;95;64;42m-[38;2;122;85;62m-[38;2;127;89;64m=[38;2;123;85;61m=[38;2;113;77;55m=[38;2;94;67;54m-[38;2;104;92;86m-[38;2;109;106;104m=[38;2;100;104;104m=[38;2;108;107;107m=[38;2;68;59;61m-[38;2;84;73;71m:[38;2;128;119;106m=[38;2;132;112;96m+[38;2;119;101;91m=[38;2;117;100;88m=[38;2;116;99;86m=[38;2;110;94;82m=[38;2;82;70;66m=[38;2;118;104;96m-[38;2;132;115;102m=[38;2;125;104;90m+[38;2;119;98;87m=[38;2;102;87;82m=[38;2;60;65;75m-[38;2;54;67;80m-[38;2;54;67;81m-[38;2;51;63;80m-[38;2;55;62;84m:[38;2;49;56;75m:[38;2;46;51;72m:[38;2;73;70;75m:[38;2;84;74;75m-[38;2;86;74;72m-[38;2;40;24;19m-[38;2;13;17;23m.[0m
[38;2;73;36;17m:[38;2;76;37;20m:[38;2;76;36;18m:[38;2;73;34;16m:[38;2;76;37;19m:[38;2;78;39;21m:[38;2;75;38;22m:[38;2;83;42;23m:[38;2;87;46;25m:[38;2;97;51;29m:[38;2;85;41;19m:[38;2;88;45;23m:[38;2;87;46;23m:[38;2;111;70;47m=[38;2;188;160;130m*[38;2;201;175;140m#[38;2;203;173;134m#[38;2;200;172;136m#[38;2;198;168;135m#[38;2;198;170;134m#[38;2;196;168;135m#[38;2;188;161;132m*[38;2;188;164;133m*[38;2;183;159;131m#[38;2;167;144;123m*[38;2;158;138;119m**[38;2;144;124;105m=[38;2;66;43;29m:[38;2;90;73;61m-[38;2;134;124;114m+[38;2;132;122;116m+[38;2;127;98;78m+[38;2;199;168;133m#[38;2;198;169;132m#[38;2;204;172;137m#[38;2;203;172;135m#[38;2;200;169;134m#[38;2;197;167;131m#[38;2;198;169;132m#[38;2;189;158;125m#[38;2;186;159;125m*[38;2;194;168;136m#[38;2;186;160;131m#[38;2;178;151;123m*[38;2;177;150;122m*[38;2;179;151;123m*[38;2;183;156;125m*[38;2;197;170;137m#[38;2;194;166;138m#[38;2;192;165;134m#[38;2;196;167;133m#[38;2;192;163;130m*[38;2;195;166;132m*[38;2;192;164;131m#[38;2;186;159;126m*[38;2;194;166;136m#[38;2;194;166;138m#[38;2;182;155;126m*[38;2;160;136;113m*[38;2;109;91;78m+[38;2;81;65;61m-[38;2;77;64;63m-[38;2;77;67;67m-[38;2;100;97;95m-[38;2;111;110;106m=[38;2;114;112;107m=[38;2;114;110;106m=[38;2;118;110;103m=[38;2;106;94;90m+[38;2;61;51;54m-[38;2;67;59;65m:[38;2;134;121;111m-[38;2;142;122;105m+[38;2;128;105;91m+[38;2;122;103;90m=[38;2;117;99;87m=[38;2;86;75;71m=[38;2;65;60;68m-[38;2;61;59;67m:[38;2;83;76;76m:[38;2;121;104;93m-[38;2;119;101;92m=[38;2;102;87;83m=[38;2;57;67;79m:[38;2;53;67;81m-[38;2;50;64;79m-[38;2;53;65;82m-[38;2;47;60;80m-[38;2;45;53;75m:[38;2;39;43;64m:[38;2;66;64;73m:[38;2;89;81;79m-[38;2;80;67;65m-[38;2;36;22;15m-[38;2;13;17;23m.[0m
[38;2;72;32;15m:[38;2;81;38;19m:[38;2;85;39;18m:[38;2;87;43;22m:[38;2;84;40;21m:[38;2;86;43;22m:[38;2;81;42;22m:[38;2;86;43;21m:[38;2;93;48;24m:[38;2;98;49;22m:[38;2;95;48;24m:-[38;2;104;54;25m-[38;2;141;101;69m+[38;2;198;172;140m#[38;2;194;167;134m#[38;2;195;169;138m#[38;2;195;167;135m#[38;2;198;172;138m#[38;2;195;168;135m#[38;2;192;166;134m#[38;2;179;153;125m#[38;2;165;140;116m*[38;2;159;136;115m+[38;2;157;135;116m*[38;2;153;131;111m*[38;2;154;127;103m+[38;2;98;65;41m:[38;2;69;32;15m:[38;2;89;62;49m:[38;2;114;98;89m=[38;2;68;52;42m-[38;2;13;17;23m:[38;2;141;106;79m:[38;2;139;100;69m+[38;2;148;112;78m+[38;2;152;114;77m+[38;2;150;113;72m+[38;2;149;108;67m+[38;2;145;108;70m+[38;2;180;148;114m*[38;2;169;141;113m#[38;2;162;135;111m*[38;2;157;131;109m*[38;2;166;140;116m*[38;2;166;140;115m*[38;2;168;141;118m*[38;2;173;146;122m*[38;2;185;158;129m*[38;2;189;161;131m#[38;2;186;160;127m*[38;2;195;166;131m#[38;2;187;160;128m#[38;2;195;169;135m#[38;2;194;166;132m*[38;2;192;163;131m*[38;2;196;168;138m#[38;2;187;161;132m*[38;2;188;161;132m*[38;2;180;152;122m#[38;2;164;138;114m*[38;2;151;131;112m+[38;2;141;126;110m+[38;2;135;123;108m+[38;2;131;119;105m+[38;2;132;118;103m+[38;2;140;125;109m+[38;2;142;128;113m+[38;2;130;116;103m+[38;2;91;81;80m=[38;2;58;52;57m-[38;2;63;55;62m:[38;2;129;118;106m-[38;2;149;128;110m+[38;2;148;124;106m+[38;2;125;104;86m+[38;2;117;100;92m=[38;2;74;66;70m=[38;2;58;61;73m:[38;2;53;62;78m:[38;2;72;72;81m:[38;2;98;89;89m-[38;2;99;87;86m=[38;2;81;74;77m=[38;2;60;66;79m:[38;2;58;66;82m-[38;2;44;59;77m-[38;2;48;60;78m:[38;2;46;62;83m-[38;2;44;53;74m:[38;2;39;39;57m:[38;2;48;44;51m:[38;2;89;82;82m:[38;2;68;55;52m-[38;2;41;23;14m:[38;2;13;17;23m.[0m
[38;2;76;32;13m:[38;2;79;36;17m:[38;2;73;31;12m:[38;2;86;41;20m:[38;2;87;42;22m:[38;2;88;43;21m:[38;2;83;42;20m:[38;2;90;45;21m:[38;2;95;48;22m:[38;2;102;51;22m:[38;2;100;51;25m:[38;2;95;48;24m-[38;2;96;51;24m-[38;2;141;99;67m+[38;2;195;167;136m#[38;2;194;167;136m#[38;2;198;172;139m#[38;2;195;168;136m#[38;2;196;170;135m#[38;2;192;165;134m#[38;2;174;148;121m*[38;2;141;120;100m+[38;2;109;77;57m-[38;2;109;76;56m:[38;2;71;39;24m:[38;2;76;52;40m:[38;2;122;93;73m:[38;2;74;33;16m:[38;2;78;36;17m:[38;2;73;34;16m:[38;2;72;36;18m:[38;2;74;56;44m:[38;2;67;31;12m.[38;2;83;40;21m.[38;2;13;17;23m.[38;2;70;39;24m.[38;2;148;105;72m=[38;2;145;98;58m=[38;2;150;98;59m=[38;2;142;97;65m=[38;2;153;111;78m=[38;2;147;114;86m+[38;2;123;101;83m+[38;2;138;117;97m+[38;2;162;136;112m+[38;2;152;128;106m+[38;2;138;117;97m+[38;2;152;127;104m+[38;2;166;140;117m*[38;2;179;153;128m*[38;2;180;155;126m#[38;2;193;166;133m#[38;2;190;163;131m#[38;2;194;167;134m#[38;2;194;166;133m#[38;2;192;164;132m#[38;2;192;164;135m#[38;2;168;141;111m*[38;2;162;135;105m+[38;2;129;120;106m=[38;2;120;110;100m=[38;2;115;105;99m=[38;2;112;98;86m=[38;2;100;84;72m+[38;2;89;81;76m+[38;2;105;95;90m+[38;2;106;96;86m+[38;2;109;102;96m=[38;2;100;98;96m-[38;2;92;97;100m=[38;2;55;50;56m-[38;2;61;54;61m-[38;2;114;103;94m-[38;2;121;104;89m+[38;2;130;110;94m+[38;2;122;103;89m+[38;2;31;31;36m=[38;2;27;29;37m-[38;2;56;61;75m-[38;2;53;62;78m:[38;2;26;30;37m-[38;2;27;30;36m-[38;2;27;29;36m-[38;2;49;51;60m-[38;2;51;54;62m-[38;2;22;28;37m:[38;2;42;57;74m:[38;2;48;60;78m-[38;2;51;58;74m:[38;2;45;56;77m:[38;2;40;39;56m.[38;2;58;46;45m.[38;2;73;57;52m:[38;2;74;59;55m-[38;2;44;19;6m.[38;2;13;17;23m.[0m
[38;2;82;37;15m:[38;2;83;38;18m:[38;2;84;40;21m:[38;2;85;39;18m:[38;2;85;41;20m:[38;2;85;41;19m:[38;2;81;40;18m:[38;2;92;47;22m:[38;2;96;47;21m-[38;2;107;53;23m:[38;2;104;52;24m-[38;2;13;17;23m-[38;2;101;53;24m-[38;2;130;91;63m+[38;2;183;156;127m#[38;2;189;162;131m*[38;2;194;168;135m#[38;2;192;166;134m#[38;2;181;156;124m#[38;2;185;158;130m+[38;2;124;93;71m-[38;2;98;47;21m:[38;2;92;44;19m:[38;2;87;44;23m:[38;2;77;38;20m:[38;2;82;39;20m:[38;2;81;38;19m:[38;2;81;37;18m:[38;2;82;38;19m:[38;2;75;33;14m:[38;2;74;37;19m:[38;2;71;31;13m.[38;2;60;40;35m:[38;2;50;41;43m:[38;2;44;21;9m.[38;2;74;40;24m-[38;2;137;96;66m=[38;2;139;92;57m=[38;2;140;93;57m=[38;2;143;95;60m=[38;2;136;92;57m=[38;2;141;101;68m=[38;2;132;97;68m=[38;2;131;105;81m=[38;2;154;129;107m+[38;2;148;120;97m+[38;2;135;108;85m*[38;2;143;115;93m+[38;2;161;135;113m+[38;2;175;148;125m*[38;2;169;145;120m*[38;2;178;153;124m*[38;2;193;167;133m#[38;2;185;158;127m#[38;2;185;159;129m*[38;2;193;165;134m#[38;2;180;154;127m*[38;2;166;141;111m*[38;2;131;106;78m+[38;2;107;102;91m=[38;2;103;99;90m-[38;2;82;82;89m-[38;2;99;90;84m:[38;2;99;86;80m=[38;2;97;88;84m-[38;2;95;94;94m=[38;2;86;91;95m=[38;2;87;91;94m=[38;2;85;88;90m=[38;2;85;89;91m=[38;2;13;17;23m--[38;2;121;109;98m=[38;2;126;107;91m+[38;2;139;118;101m+[38;2;113;96;83m+[38;2;62;63;75m-[38;2;55;62;78m:[38;2;54;61;75m:[38;2;13;17;23m-[38;2;59;63;78m-[38;2;54;58;72m-[38;2;56;62;73m:[38;2;44;48;58m:[38;2;50;51;61m:[38;2;43;39;46m-[38;2;13;17;23m:.[38;2;56;54;64m.[38;2;40;26;24m.[38;2;41;20;7m.[38;2;66;47;40m.[38;2;75;59;54m.[38;2;44;21;9m.[38;2;42;17;5m.[38;2;13;17;23m.[0m
[38;2;91;45;20m:[38;2;92;45;22m:[38;2;94;49;27m:[38;2;89;44;22m:[38;2;82;40;20m:[38;2;78;39;20m:[38;2;73;37;20m:[38;2;84;44;22m:[38;2;55;33;25m:[38;2;56;37;30m:[38;2;51;35;31m:[38;2;52;38;33m:[38;2;47;33;30m:[38;2;64;47;40m:[38;2;182;154;126m+[38;2;193;168;137m#[38;2;196;169;136m#[38;2;193;168;137m#[38;2;160;136;110m=[38;2;118;98;79m.[38;2;97;50;24m:[38;2;93;46;22m:[38;2;88;43;20m:[38;2;92;48;26m:[38;2;79;39;21m:[38;2;82;40;21m:[38;2;80;38;20m:[38;2;84;40;20m:[38;2;78;37;18m:[38;2;72;37;21m:[38;2;73;38;21m+[38;2;121;109;102m*[38;2;62;47;46m:[38;2;51;41;44m.[38;2;47;35;34m:[38;2;55;43;39m.[38;2;138;95;64m=[38;2;143;93;59m=[38;2;141;94;58m=[38;2;139;92;58m=[38;2;135;90;55m=[38;2;132;90;56m=[38;2;130;91;58m-[38;2;113;81;55m-[38;2;54;45;40m-[38;2;130;100;78m-[38;2;124;96;75m-[38;2;112;85;67m:[38;2;154;128;107m=[38;2;171;145;123m*[38;2;172;145;122m*[38;2;172;146;120m*[38;2;195;168;134m*[38;2;187;160;129m#[38;2;190;164;133m#[38;2;198;171;139m#[38;2;187;160;131m#[38;2;179;154;124m*[38;2;144;121;93m*[38;2;111;98;80m+[38;2;88;83;73m-[38;2;45;59;82m-[38;2;91;86;90m:[38;2;99;88;85m:[38;2;95;87;83m=[38;2;87;89;92m=[38;2;86;91;95m=[38;2;86;91;94m=[38;2;83;87;89m-[38;2;84;85;88m=[38;2;43;46;54m-[38;2;47;49;55m-[38;2;118;106;93m+[38;2;119;101;86m+[38;2;129;111;97m+[38;2;50;46;49m-[38;2;60;63;76m-[38;2;56;62;77m-[38;2;31;38;48m:[38;2;35;39;48m:[38;2;59;63;77m.[38;2;55;59;73m.[38;2;57;63;74m.[38;2;46;49;59m.[38;2;51;52;62m.[38;2;44;40;47m.[38;2;43;28;26m.[38;2;43;22;12m.[38;2;47;21;8m.[38;2;46;20;5m.[38;2;47;20;6m.[38;2;48;21;9m.[38;2;44;19;6m.[38;2;47;22;10m.[38;2;43;17;4m.[38;2;13;17;23m.[0m
[38;2;97;49;23m:[38;2;99;51;24m:[38;2;98;52;29m.[38;2;93;51;29m.[38;2;92;50;28m:[38;2;81;44;25m:[38;2;72;40;23m:[38;2;62;35;21m:[38;2;67;37;27m-[38;2;68;44;38m:[38;2;58;42;40m:[38;2;60;46;44m:[38;2;49;37;38m:[38;2;89;74;67m+[38;2;116;95;80m=[38;2;198;175;146m*[38;2;195;167;136m#[38;2;188;166;141m*[38;2;67;51;42m:[38;2;43;32;33m.[38;2;39;28;30m.[38;2;55;37;31m.[38;2;66;40;28m.[38;2;95;58;38m.[38;2;88;52;33m#[38;2;83;47;29m-[38;2;80;41;22m.[38;2;78;39;19m.[38;2;73;37;23m.[38;2;90;71;61m.[38;2;122;110;100m.[38;2;155;141;130m=[38;2;55;40;39m:[38;2;41;28;27m.[38;2;54;44;46m.[38;2;63;44;38m:[38;2;135;99;76m:[38;2;144;94;62m=[38;2;141;96;63m=[38;2;153;107;73m=[38;2;126;87;61m-[38;2;93;61;42m.[38;2;52;34;28m.[38;2;46;31;26m.[38;2;43;32;29m.[38;2;56;44;39m:[38;2;62;50;45m+[38;2;88;69;62m+[38;2;106;87;76m.[38;2;152;130;111m-[38;2;171;145;122m*[38;2;170;143;118m*[38;2;167;141;116m*[38;2;187;161;130m*[38;2;199;172;138m*[38;2;199;172;140m#[38;2;192;166;136m#[38;2;183;155;127m*[38;2;183;156;128m*[38;2;150;123;94m*[38;2;123;99;77m*[38;2;87;73;70m=[38;2;68;64;74m=[38;2;129;111;100m-[38;2;115;99;89m+[38;2;97;86;80m+[38;2;90;86;86m-[38;2;84;85;88m=[38;2;84;84;89m=[38;2;86;89;93m-[38;2;75;80;89m-[38;2;102;98;97m=[38;2;143;123;104m+[38;2;123;107;97m-[38;2;77;67;72m-[38;2;61;65;79m:[38;2;53;66;81m:[38;2;59;62;76m:[38;2;45;36;40m.[38;2;39;21;13m.[38;2;44;20;9m.[38;2;47;23;12m.[38;2;46;21;9m.[38;2;49;21;8m.[38;2;50;20;6m.[38;2;51;20;5m.[38;2;47;20;8m.[38;2;48;20;6m.[38;2;53;28;14m.[38;2;48;21;8m.[38;2;47;20;6m.[38;2;49;20;7m.[38;2;47;20;7m.[38;2;46;20;8m.[38;2;47;20;7m.[38;2;13;17;23m.[0m
[38;2;51;38;37m:[38;2;48;36;38m:[38;2;48;37;43m:[38;2;49;41;50m:[38;2;57;49;59m:[38;2;59;55;65m:[38;2;57;55;65m:[38;2;62;56;67m:[38;2;65;57;68m:[38;2;68;59;68m:[38;2;60;50;58m:[38;2;57;49;52m=[38;2;92;80;76m=[38;2;166;151;134m=[38;2;133;109;93m=[38;2;115;89;59m+[38;2;176;150;122m+[38;2;168;146;127m*[38;2;74;60;58m-[38;2;47;37;43m:[38;2;47;37;45m:[38;2;49;39;48m:[38;2;43;33;40m:[38;2;109;93;88m:[38;2;158;139;120m*[38;2;170;150;127m*[38;2;61;47;43m:[38;2;33;24;29m.[38;2;31;25;33m.[38;2;31;27;36m.[38;2;31;25;38m.[38;2;66;63;67m.[38;2;78;71;73m.[38;2;34;26;31m.[38;2;45;34;35m.[38;2;53;40;38m=[38;2;64;47;41m-[38;2;64;52;48m:[38;2;61;47;46m:[38;2;67;55;54m:[38;2;58;46;46m.[38;2;41;29;31m.[38;2;41;31;31m:[38;2;81;72;69m+[38;2;111;104;100m+[38;2;135;129;123m+[38;2;139;133;127m+[38;2;74;63;66m:[38;2;35;24;24m.[38;2;85;71;64m.[38;2;145;126;110m-[38;2;172;148;125m*[38;2;173;148;125m*[38;2;175;149;123m*[38;2;187;161;129m*[38;2;188;162;131m*[38;2;193;166;137m#[38;2;186;160;129m#[38;2;184;157;129m*[38;2;184;157;128m*[38;2;176;151;122m*[38;2;148;121;95m*[38;2;116;89;69m+[38;2;119;93;76m+[38;2;126;102;85m-[38;2;123;102;88m+[38;2;112;95;85m+[38;2;104;92;86m-[38;2;94;85;82m:[38;2;106;97;94m-[38;2;88;80;77m-[38;2;109;98;94m-[38;2;68;56;53m:[38;2;65;60;68m:[38;2;54;65;80m-[38;2;55;62;77m-[38;2;69;66;73m-[38;2;45;35;36m-[38;2;43;17;4m.[38;2;50;22;9m.[38;2;49;20;6m.[38;2;48;20;5m.[38;2;53;24;11m.[38;2;55;24;10m.[38;2;54;23;7m.[38;2;49;20;5m.[38;2;54;25;12m.[38;2;58;26;13m.[38;2;54;25;10m.[38;2;54;26;11m.[38;2;51;19;4m.[38;2;50;20;5m.[38;2;51;22;7m.[38;2;55;24;9m.[38;2;50;20;5m.[38;2;13;17;23m.[0m
[38;2;65;54;60m-[38;2;70;59;66m:[38;2;68;58;66m:[38;2;66;60;70m:[38;2;64;59;69m:[38;2;66;60;70m:[38;2;64;56;65m:[38;2;66;59;65m:[38;2;67;58;68m:[38;2;58;49;55m-[38;2;69;57;64m-[38;2;85;75;75m-[38;2;117;110;107m=[38;2;161;157;141m=[38;2;78;102;110m-[38;2;115;112;106m=[38;2;148;123;93m+[38;2;166;144;117m-[38;2;94;81;75m+[38;2;70;60;65m=[38;2;66;59;68m=[38;2;71;61;71m=[38;2;67;58;62m=[38;2;131;117;104m+[38;2;182;162;139m*[38;2;186;165;141m=[38;2;87;75;70m:[38;2;39;29;37m:[38;2;30;25;35m.[38;2;31;27;43m.[38;2;32;28;41m.[38;2;25;20;31m.[38;2;82;80;87m=[38;2;46;40;51m=[38;2;71;59;56m=[38;2;130;107;85m=[38;2;72;51;35m-[38;2;40;28;28m:[38;2;38;27;31m:[38;2;34;25;29m:[38;2;32;24;26m.[38;2;98;90;90m=[38;2;110;103;101m-[38;2;109;101;99m-[38;2;105;97;95m:[38;2;100;92;91m.[38;2;100;91;92m.[38;2;90;81;87m.[38;2;27;18;22m.[38;2;36;24;23m:[38;2;64;49;45m:[38;2;113;92;79m-[38;2;164;139;118m-[38;2;175;148;126m+[38;2;176;149;124m*[38;2;180;154;130m*[38;2;187;160;133m*[38;2;184;158;131m*[38;2;180;155;126m*[38;2;178;153;126m*[38;2;175;150;123m*[38;2;179;151;125m+[38;2;159;131;109m=[38;2;125;98;79m-[38;2;95;72;57m-[38;2;85;67;54m.[38;2;70;50;41m.[38;2;67;51;43m.[38;2;62;47;44m.[38;2;71;59;60m.[38;2;70;58;60m:[38;2;72;60;64m:[38;2;70;59;62m.[38;2;109;100;98m:[38;2;67;64;68m+[38;2;65;59;67m=[38;2;81;72;70m-[38;2;65;45;35m-[38;2;50;20;6m-[38;2;54;25;14m-[38;2;83;61;47m-[38;2;72;47;32m=[38;2;56;25;9m.[38;2;58;26;11m.[38;2;58;25;9m.[38;2;53;23;9m.[38;2;54;24;11m.[38;2;56;23;9m.[38;2;58;27;10m.[38;2;59;24;9m.[38;2;62;28;13m.[38;2;59;27;11m.[38;2;55;22;8m.[38;2;55;25;10m.[38;2;51;23;10m.[38;2;13;17;23m.[0m
[38;2;66;60;66m-[38;2;68;60;68m:[38;2;67;58;68m:[38;2;67;60;69m-[38;2;64;59;67m-[38;2;67;59;67m:[38;2;63;56;64m:[38;2;65;57;66m:[38;2;82;73;73m=[38;2;111;100;95m*[38;2;147;137;127m+[38;2;81;68;64m:[38;2;57;76;89m=[38;2;61;100;113m=[38;2;59;90;105m=[38;2;115;113;102m+[38;2;117;88;60m=[38;2;76;59;51m=[38;2;74;58;54m=[38;2;138;122;116m=[38;2;165;154;141m=[38;2;163;150;136m=[38;2;177;162;143m=[38;2;164;149;132m=[38;2;110;97;90m=[38;2;67;58;58m+[38;2;69;59;62m+[38;2;60;51;55m=[38;2;45;36;43m=[38;2;55;47;52m-[38;2;76;67;72m-[38;2;72;67;74m.[38;2;104;102;109m-[38;2;93;99;105m:[38;2;120;104;99m:[38;2;84;60;44m:[38;2;69;61;63m-[38;2;58;62;74m-[38;2;63;68;85m-[38;2;47;47;68m-[38;2;74;71;80m.[38;2;59;56;65m.[38;2;30;23;29m.[38;2;32;21;22m.[38;2;29;20;25m.[38;2;38;32;33m:[38;2;111;99;92m*[38;2;153;141;131m*[38;2;171;158;145m+[38;2;168;154;141m:[38;2;150;137;130m.[38;2;86;74;71m.[38;2;68;53;47m.[38;2;117;97;82m:[38;2;162;139;119m-[38;2;173;147;124m+[38;2;177;149;123m*[38;2;134;110;90m*[38;2;183;158;131m*[38;2;178;152;126m*[38;2;140;116;97m-[38;2;71;51;44m:[38;2;52;41;39m:[38;2;34;26;34m.[38;2;28;25;35m.[38;2;27;25;36m.[38;2;28;25;35m.[38;2;29;24;32m.[38;2;28;21;30m.[38;2;26;22;29m.[38;2;25;22;31m.[38;2;28;24;36m.[38;2;30;27;39m.[38;2;53;48;53m.[38;2;130;123;117m.[38;2;131;118;109m-[38;2;132;116;104m=[38;2;135;118;103m+[38;2;129;111;97m=[38;2;127;109;97m=[38;2;101;80;67m:[38;2;62;29;13m.[38;2;58;24;8m.[38;2;62;27;12m.[38;2;63;28;11m.[38;2;59;27;12m.[38;2;57;26;11m.[38;2;56;26;10m.[38;2;56;24;9m.[38;2;58;26;12m.[38;2;52;22;6m.[38;2;57;27;12m.[38;2;58;27;11m.[38;2;57;25;9m.[38;2;54;25;11m.[38;2;13;17;23m.[0m
[38;2;63;61;71m-[38;2;65;62;72m-[38;2;66;59;68m:[38;2;68;59;70m:[38;2;65;59;69m:[38;2;66;59;69m:[38;2;61;54;63m:[38;2;66;58;58m-[38;2;133;120;110m*[38;2;168;153;139m*[38;2;145;132;120m+[38;2;92;77;70m-[38;2;73;88;94m=[38;2;109;117;116m=[38;2;112;114;107m+[38;2;135;108;81m=[38;2;102;78;58m=[38;2;108;90;82m=[38;2;109;92;84m=[38;2;109;92;85m=[38;2;111;94;86m=[38;2;110;94;87m=[38;2;116;100;90m=[38;2;119;102;91m=[38;2;116;98;88m=[38;2;113;96;86m=[38;2;111;95;85m=[38;2;88;75;71m-[38;2;82;70;69m:[38;2;63;52;52m:[38;2;33;20;21m.[38;2;32;22;25m.[38;2;26;19;24m:[38;2;42;34;39m+[38;2;52;40;37m:[38;2;31;21;23m.[38;2;39;36;46m.[38;2;59;62;74m.[38;2;57;58;78m:[38;2;55;48;61m.[38;2;37;28;33m-[38;2;47;38;46m:[38;2;48;38;47m.[38;2;47;38;50m.[38;2;105;95;97m:[38;2;120;108;105m*[38;2;140;126;114m+[38;2;109;94;89m=[38;2;48;34;36m:[38;2;45;36;43m:[38;2;49;40;51m:[38;2;53;44;52m:[38;2;47;36;43m:[38;2;62;52;58m:[38;2;69;57;57m:[38;2;74;61;60m:[38;2;128;112;99m-[38;2;145;125;110m-[38;2;90;74;64m=[38;2;59;46;43m:[38;2;49;36;39m:[38;2;36;30;42m.[38;2;31;26;40m.[38;2;32;27;37m.[38;2;27;24;32m.[38;2;29;24;32m.[38;2;28;23;29m.[38;2;26;22;31m.[38;2;25;21;30m.[38;2;26;20;30m.[38;2;23;20;30m.[38;2;24;20;33m.[38;2;29;26;37m.[38;2;27;23;34m.[38;2;31;25;37m.[38;2;27;21;31m.[38;2;39;31;34m.[38;2;40;31;35m.[38;2;33;25;26m.[38;2;50;25;14m.[38;2;64;27;10m.[38;2;60;26;9m.[38;2;61;28;12m.[38;2;64;27;11m.[38;2;63;26;9m.[38;2;56;24;9m.[38;2;61;26;11m.[38;2;57;25;9m.[38;2;60;27;12m.[38;2;59;25;8m.[38;2;61;26;8m.[38;2;63;27;9m.[38;2;62;26;11m.[38;2;60;26;11m.[38;2;59;24;9m.[38;2;13;17;23m.[0m
[38;2;60;56;71m-[38;2;60;57;71m:[38;2;57;52;63m:[38;2;54;49;59m:[38;2;57;49;58m:[38;2;56;49;57m:[38;2;93;85;85m:[38;2;131;121;116m*[38;2;162;151;140m*[38;2;161;149;137m*[38;2;157;141;130m=[38;2;92;72;56m+[38;2;118;120;116m+[38;2;119;128;112m+[38;2;132;111;76m=[38;2;111;89;72m=[38;2;116;96;85m=[38;2;109;92;82m=[38;2;110;93;84m=[38;2;113;95;85m=[38;2;115;97;89m=[38;2;112;96;89m=[38;2;115;98;91m=[38;2;110;93;86m=[38;2;102;86;80m-[38;2;89;74;69m:[38;2;72;58;57m:[38;2;52;40;42m.[38;2;51;40;44m:[38;2;55;43;46m.[38;2;48;38;41m-[38;2;67;63;72m:[38;2;48;45;58m:[38;2;131;125;119m=[38;2;74;59;51m=[38;2;29;18;16m.[38;2;26;17;21m.[38;2;23;17;20m.[38;2;21;14;20m.[38;2;41;31;37m.[38;2;112;98;93m-[38;2;103;90;86m=[38;2;91;81;81m=[38;2;71;63;67m-[38;2;117;113;112m-[38;2;130;124;122m+[38;2;122;111;107m+[38;2;130;120;114m+[38;2;58;49;55m:[38;2;58;53;63m:[38;2;37;34;45m:[38;2;77;72;82m=[38;2;38;35;50m-[38;2;46;40;52m:[38;2;32;25;35m.[38;2;27;23;31m.[38;2;30;24;30m.[38;2;38;30;37m.[38;2;39;31;39m.[38;2;32;26;37m.[38;2;29;25;38m.[38;2;27;25;33m.[38;2;27;24;32m.[38;2;25;22;30m.[38;2;24;22;30m.[38;2;25;22;30m.[38;2;26;22;31m.[38;2;24;21;30m.[38;2;25;21;30m.[38;2;26;22;31m.[38;2;21;18;29m.[38;2;18;15;25m.[38;2;21;18;29m.[38;2;21;17;27m.[38;2;20;17;27m.[38;2;20;16;25m.[38;2;21;15;23m.[38;2;22;17;26m.[38;2;25;20;26m.[38;2;54;28;19m.[38;2;66;27;9m.[38;2;67;27;8m.[38;2;63;25;8m.[38;2;67;27;9m.[38;2;66;27;9m.[38;2;60;26;10m.[38;2;65;26;10m.[38;2;59;24;7m.[38;2;65;28;10m.[38;2;66;27;9m.[38;2;68;28;10m.[38;2;67;26;9m.[38;2;66;28;11m.[38;2;63;26;9m.[38;2;62;26;11m.[38;2;13;17;23m.[0m
[38;2;51;46;54m:[38;2;65;60;71m:[38;2;59;56;67m:[38;2;61;55;65m:[38;2;55;49;58m:[38;2;64;57;64m.[38;2;131;122;115m*[38;2;160;148;137m*[38;2;164;151;139m*[38;2;165;151;140m+[38;2;89;73;63m=[38;2;124;106;91m=[38;2;112;92;71m+[38;2;103;79;56m-[38;2;119;94;76m=[38;2;119;100;91m=[38;2;114;98;91m=[38;2;116;99;91m=[38;2;111;95;87m=[38;2;112;96;89m=[38;2;111;95;89m=[38;2;97;83;79m-[38;2;69;58;58m:[38;2;55;45;48m:[38;2;56;45;48m:[38;2;58;45;48m:[38;2;44;34;37m.[38;2;48;37;36m.[38;2;53;45;49m:[38;2;85;79;80m-[38;2;143;137;123m#[38;2;57;62;82m:[38;2;44;64;90m:[38;2;105;115;114m=[38;2;104;90;76m+[38;2;37;25;25m.[38;2;29;18;21m.[38;2;30;20;23m.[38;2;31;21;25m.[38;2;28;19;20m.[38;2;97;86;83m.[38;2;100;87;81m=[38;2;101;86;82m=[38;2;93;79;77m-[38;2;57;48;51m.[38;2;55;47;51m:[38;2;60;51;57m:[38;2;48;40;47m:[38;2;43;35;43m:[38;2;39;33;47m:[38;2;37;32;45m.[38;2;37;35;52m.[38;2;36;33;47m.[38;2;30;24;37m.[38;2;28;24;35m.[38;2;27;24;34m.[38;2;27;23;32m.[38;2;27;24;33m.[38;2;28;25;34m.[38;2;29;25;35m.[38;2;30;24;36m.[38;2;28;23;34m.[38;2;27;23;33m.[38;2;29;25;36m.[38;2;26;24;33m.[38;2;27;24;32m.[38;2;27;23;32m.[38;2;28;25;33m.[38;2;22;18;28m.[38;2;23;20;30m..[38;2;19;15;24m.[38;2;22;17;27m.[38;2;21;17;26m.[38;2;20;16;25m.[38;2;19;16;25m.[38;2;20;17;24m.[38;2;19;14;24m.[38;2;24;20;28m.[38;2;36;28;31m.[38;2;45;24;17m.[38;2;48;22;12m.[38;2;49;26;18m.[38;2;55;23;12m.[38;2;61;26;12m.[38;2;60;27;13m.[38;2;65;27;11m.[38;2;65;26;11m.[38;2;66;28;10m.[38;2;67;26;8m.[38;2;66;27;11m.[38;2;68;26;8m.[38;2;67;27;10m.[38;2;66;27;11m.[38;2;65;26;10m.[38;2;13;17;23m.[0m
[38;2;46;39;49m.[38;2;41;33;47m.[38;2;53;47;58m.[38;2;62;56;66m:[38;2;60;54;62m:[38;2;110;102;99m+[38;2;142;132;123m*[38;2;166;154;142m*[38;2;156;142;131m*[38;2;114;98;91m-[38;2;117;104;99m+[38;2;116;102;93m=[38;2;83;65;54m-[38;2;107;84;71m=[38;2;122;104;94m=[38;2;118;100;94m=[38;2;110;95;90m=[38;2;83;69;66m:[38;2;72;60;61m:[38;2;69;59;62m:[38;2;70;60;61m:[38;2;75;61;62m-[38;2;72;59;61m-[38;2;52;43;49m:[38;2;41;30;35m:[38;2;42;32;34m.[38;2;84;78;84m-[38;2;91;86;92m=[38;2;46;53;75m:[38;2;48;62;88m:[38;2;37;52;77m:[38;2;43;62;89m:[38;2;46;64;89m:[38;2;76;78;83m-[38;2;111;85;71m=[38;2;39;25;23m:[38;2;36;26;27m.[38;2;34;23;26m.[38;2;44;33;37m.[38;2;34;25;29m:[38;2;29;21;25m.[38;2;64;56;55m.[38;2;105;91;85m:[38;2;102;88;84m=[38;2;92;80;79m=[38;2;54;46;50m-[38;2;57;47;51m:[38;2;50;39;46m:[38;2;36;28;37m.[38;2;29;25;41m.[38;2;35;29;41m.[38;2;35;28;39m.[38;2;34;28;40m.[38;2;32;27;45m.[38;2;27;23;44m.[38;2;27;25;39m.[38;2;27;23;40m.[38;2;27;24;36m.[38;2;27;25;35m.[38;2;30;24;35m.[38;2;31;27;42m.[38;2;31;26;42m.[38;2;30;25;40m.[38;2;30;26;40m.[38;2;26;24;34m.[38;2;28;24;33m.[38;2;26;22;32m.[38;2;27;23;33m.[38;2;29;25;32m.[38;2;30;26;36m.[38;2;22;18;30m..[38;2;22;18;28m.[38;2;22;19;30m.[38;2;20;18;28m.[38;2;21;18;29m.[38;2;22;19;28m.[38;2;18;14;25m.[38;2;13;17;23m.[38;2;20;16;25m.[38;2;18;14;23m..[38;2;20;14;22m.[38;2;33;22;25m.[38;2;41;23;20m.[38;2;44;24;17m.[38;2;63;28;12m.[38;2;66;27;12m.[38;2;65;27;10m.[38;2;67;26;9m.[38;2;65;28;11m.[38;2;69;27;9m.[38;2;67;27;10m.[38;2;70;29;13m.[38;2;66;28;11m.[38;2;13;17;23m.[0m
[38;2;32;27;36m.[38;2;33;25;35m.[38;2;33;27;40m.[38;2;31;25;37m.[38;2;53;44;46m:[38;2;152;141;129m+[38;2;162;149;137m*[38;2;166;152;141m*[38;2;137;123;113m=[38;2;110;91;82m=[38;2;128;113;104m+[38;2;139;128;118m+[38;2;123;108;101m=[38;2;115;98;90m=[38;2;89;75;72m:[38;2;33;21;19m.[38;2;49;35;34m.[38;2;54;43;43m:[38;2;63;54;60m:[38;2;58;50;55m:[38;2;65;54;62m:[38;2;68;59;66m:[38;2;58;50;57m:[38;2;47;36;41m:[38;2;54;44;47m:[38;2;54;49;56m:[38;2;52;66;82m:[38;2;53;80;99m-[38;2;68;92;105m-[38;2;112;122;122m+[38;2;183;180;164m*[38;2;114;105;101m=[38;2;76;64;63m=[38;2;89;69;54m=[38;2;90;65;42m-[38;2;39;23;19m.[38;2;38;27;29m.[38;2;45;35;40m.[38;2;53;44;50m:[38;2;60;51;53m:[38;2;37;28;34m:[38;2;39;28;35m.[38;2;39;30;32m.[38;2;72;62;64m.[38;2;81;72;72m-[38;2;91;81;80m-[38;2;90;80;80m-[38;2;43;36;40m.[38;2;40;32;44m.[38;2;35;28;40m.[38;2;33;28;42m.[38;2;27;24;39m.[38;2;29;25;39m.[38;2;28;24;35m.[38;2;32;28;40m.[38;2;31;26;41m.[38;2;29;26;40m.[38;2;27;25;38m.[38;2;25;23;37m.[38;2;29;26;41m.[38;2;36;32;50m.[38;2;32;27;41m.[38;2;29;24;38m.[38;2;24;21;37m.[38;2;21;20;33m.[38;2;22;19;32m.[38;2;24;20;33m.[38;2;21;18;35m.[38;2;27;24;41m.[38;2;28;24;36m.[38;2;28;24;34m.[38;2;25;21;32m.[38;2;26;24;34m.[38;2;22;20;31m.[38;2;19;17;29m.[38;2;18;16;26m.[38;2;20;17;27m.[38;2;19;15;26m.[38;2;17;14;23m.[38;2;13;17;23m.[38;2;16;16;22m.[38;2;26;18;21m.[38;2;52;26;15m.[38;2;67;27;11m.[38;2;64;28;11m.[38;2;63;29;11m.[38;2;70;30;14m:[38;2;68;30;12m:[38;2;69;31;14m:[38;2;68;32;14m:[38;2;70;33;16m:[38;2;73;34;16m:[38;2;71;32;15m::[38;2;76;35;18m:[38;2;13;17;23m:[0m
[38;2;37;30;37m.[38;2;35;27;33m.[38;2;36;30;37m.[38;2;32;26;33m.[38;2;112;103;100m-[38;2;137;127;120m+[38;2;160;148;138m*[38;2;165;152;142m*[38;2;140;128;119m-[38;2;104;89;81m+[38;2;146;132;118m*[38;2;159;145;133m*[38;2;168;154;141m*[38;2;114;98;91m-[38;2;40;25;21m.[38;2;36;25;27m.[38;2;34;23;25m.[38;2;40;31;34m.[38;2;47;39;45m:[38;2;48;39;46m:[38;2;51;41;46m:[38;2;49;38;46m:[38;2;48;35;36m:[38;2;77;59;50m:[38;2;66;53;50m-[38;2;55;85;99m-[38;2;58;96;110m=[38;2;75;105;111m=[38;2;126;125;107m+[38;2;120;116;107m+[38;2;112;114;107m=[38;2;80;93;101m=[38;2;69;84;101m-[38;2;110;90;80m=[38;2;81;54;34m-[38;2;13;17;23m.[38;2;40;30;32m.[38;2;49;38;43m:[38;2;60;50;53m:[38;2;60;50;52m:[38;2;55;45;46m:[38;2;46;36;41m:[38;2;43;35;42m:[38;2;38;30;39m.[38;2;28;22;28m.[38;2;83;76;75m.[38;2;89;82;83m-[38;2;94;87;90m=[38;2;44;39;50m:[38;2;37;31;39m.[38;2;31;23;28m.[38;2;32;27;35m.[38;2;37;30;42m.[38;2;42;35;51m.[38;2;39;34;48m.[38;2;33;29;42m.[38;2;28;25;39m.[38;2;26;24;40m.[38;2;25;23;37m.[38;2;21;19;34m.[38;2;27;24;41m.[38;2;28;24;41m.[38;2;24;20;37m.[38;2;21;19;35m.[38;2;22;20;36m.[38;2;23;20;37m.[38;2;22;20;34m.[38;2;24;22;36m.[38;2;21;20;33m.[38;2;23;20;35m.[38;2;22;21;33m.[38;2;21;18;33m.[38;2;22;20;33m.[38;2;16;14;25m.[38;2;18;16;29m.[38;2;19;17;29m.[38;2;17;15;24m.[38;2;17;14;23m.[38;2;13;17;23m. [38;2;61;54;60m.[38;2;59;41;33m:[38;2;63;30;12m:[38;2;61;28;13m.[38;2;70;30;11m.[38;2;62;26;10m.[38;2;68;31;14m:[38;2;70;31;15m:[38;2;68;31;14m:[38;2;71;33;16m::[38;2;76;35;17m:[38;2;72;34;16m:[38;2;75;36;17m:[38;2;73;33;16m:[38;2;13;17;23m:[0m
